1 2 1 1
1 3 2 2
1 4 3 3
1 5 4 4
1 6 5 5
1 7 6 6
1 8 7 7
1 9 8 8
1 10 9 9
1 11 10 10
1 12 11 11
1 13 12 12
1 14 13 13
1 15 14 14
1 16 15 15
1 17 16 16
1 18 17 17
1 19 18 18
1 20 19 19
1 21 20 20
1 22 21 21
1 23 22 22
1 24 23 23
1 25 24 24
1 26 25 25
2 3 26 26
2 4 27 27
2 5 28 28
2 6 29 29
2 7 30 30
2 8 31 31
2 9 32 32
2 10 33 33
2 11 34 34
2 12 35 35
2 13 36 36
2 14 37 37
2 15 38 38
2 16 39 39
2 17 40 40
2 18 41 41
2 19 42 42
2 20 43 43
2 21 44 44
2 22 45 45
2 23 46 46
2 24 47 47
2 25 48 48
2 26 49 49
3 4 50 50
3 5 51 51
3 6 52 52
3 7 53 53
3 8 54 54
3 9 55 55
3 10 56 56
3 11 57 57
3 12 58 58
3 13 59 59
3 14 60 60
3 15 61 61
3 16 62 62
3 17 63 63
3 18 64 64
3 19 65 65
3 20 66 66
3 21 67 67
3 22 68 68
3 23 69 69
3 24 70 70
3 25 71 71
3 26 72 72
4 5 73 73
4 6 74 74
4 7 75 75
4 8 76 76
4 9 77 77
4 10 78 78
4 11 79 79
4 12 80 80
4 13 81 81
4 14 82 82
4 15 83 83
4 16 84 84
4 17 85 85
4 18 86 86
4 19 87 87
4 20 88 88
4 21 89 89
4 22 90 90
4 23 91 91
4 24 92 92
4 25 93 93
4 26 94 94
5 6 95 95
5 7 96 96
5 8 97 97
5 9 98 98
5 10 99 99
5 11 100 100
5 12 101 101
5 13 102 102
5 14 103 103
5 15 104 104
5 16 105 105
5 17 106 106
5 18 107 107
5 19 108 108
5 20 109 109
5 21 110 110
5 22 111 111
5 23 112 112
5 24 113 113
5 25 114 114
5 26 115 115
6 7 116 116
6 8 117 117
6 9 118 118
6 10 119 119
6 11 120 120
6 12 121 121
6 13 122 122
6 14 123 123
6 15 124 124
6 16 125 125
6 17 126 126
6 18 127 127
6 19 128 128
6 20 129 129
6 21 130 130
6 22 131 131
6 23 132 132
6 24 133 133
6 25 134 134
6 26 135 135
7 8 136 136
7 9 137 137
7 10 138 138
7 11 139 139
7 12 140 140
7 13 141 141
7 14 142 142
7 15 143 143
7 16 144 144
7 17 145 145
7 18 146 146
7 19 147 147
7 20 148 148
7 21 149 149
7 22 150 150
7 23 151 151
7 24 152 152
7 25 153 153
7 26 154 154
8 9 155 155
8 10 156 156
8 11 157 157
8 12 158 158
8 13 159 159
8 14 160 160
8 15 161 161
8 16 162 162
8 17 163 163
8 18 164 164
8 19 165 165
8 20 166 166
8 21 167 167
8 22 168 168
8 23 169 169
8 24 170 170
8 25 171 171
8 26 172 172
9 10 173 173
9 11 174 174
9 12 175 175
9 13 176 176
9 14 177 177
9 15 178 178
9 16 179 179
9 17 180 180
9 18 181 181
9 19 182 182
9 20 183 183
9 21 184 184
9 22 185 185
9 23 186 186
9 24 187 187
9 25 188 188
9 26 189 189
10 11 190 190
10 12 191 191
10 13 192 192
10 14 193 193
10 15 194 194
10 16 195 195
10 17 196 196
10 18 197 197
10 19 198 198
10 20 199 199
10 21 200 200
10 22 201 201
10 23 202 202
10 24 203 203
10 25 204 204
10 26 205 205
11 12 206 206
11 13 207 207
11 14 208 208
11 15 209 209
11 16 210 210
11 17 211 211
11 18 212 212
11 19 213 213
11 20 214 214
11 21 215 215
11 22 216 216
11 23 217 217
11 24 218 218
11 25 219 219
11 26 220 220
12 13 221 221
12 14 222 222
12 15 223 223
12 16 224 224
12 17 225 225
12 18 226 226
12 19 227 227
12 20 228 228
12 21 229 229
12 22 230 230
12 23 231 231
12 24 232 232
12 25 233 233
12 26 234 234
13 14 235 235
13 15 236 236
13 16 237 237
13 17 238 238
13 18 239 239
13 19 240 240
13 20 241 241
13 21 242 242
13 22 243 243
13 23 244 244
13 24 245 245
13 25 246 246
13 26 247 247
14 15 248 248
14 16 249 249
14 17 250 250
14 18 251 251
14 19 252 252
14 20 253 253
14 21 254 254
14 22 255 255
14 23 256 256
14 24 257 257
14 25 258 258
14 26 259 259
15 16 260 260
15 17 261 261
15 18 262 262
15 19 263 263
15 20 264 264
15 21 265 265
15 22 266 266
15 23 267 267
15 24 268 268
15 25 269 269
15 26 270 270
16 17 271 271
16 18 272 272
16 19 273 273
16 20 274 274
16 21 275 275
16 22 276 276
16 23 277 277
16 24 278 278
16 25 279 279
16 26 280 280
17 18 281 281
17 19 282 282
17 20 283 283
17 21 284 284
17 22 285 285
17 23 286 286
17 24 287 287
17 25 288 288
17 26 289 289
18 19 290 290
18 20 291 291
18 21 292 292
18 22 293 293
18 23 294 294
18 24 295 295
18 25 296 296
18 26 297 297
19 20 298 298
19 21 299 299
19 22 300 300
19 23 301 301
19 24 302 302
19 25 303 303
19 26 304 304
20 21 305 305
20 22 306 306
20 23 307 307
20 24 308 308
20 25 309 309
20 26 310 310
21 22 311 311
21 23 312 312
21 24 313 313
21 25 314 314
21 26 315 315
22 23 316 316
22 24 317 317
22 25 318 318
22 26 319 319
23 24 320 320
23 25 321 321
23 26 322 322
24 25 323 323
24 26 324 324
25 26 325 325
