1 2 1 1
1 3 2 2
1 4 3 3
1 5 4 4
1 6 5 5
1 7 6 6
1 8 7 7
1 9 8 8
1 10 9 9
1 11 10 10
1 12 11 11
1 13 12 12
1 14 13 13
1 15 14 14
1 16 15 15
1 17 16 16
1 18 17 17
1 19 18 18
1 20 19 19
1 21 20 20
1 22 21 21
1 23 22 22
1 24 23 23
1 25 24 24
1 26 25 25
1 27 26 26
1 28 27 27
1 29 28 28
1 30 29 29
1 31 30 30
1 32 31 31
1 33 32 32
1 34 33 33
1 35 34 34
1 36 35 35
1 37 36 36
1 38 37 37
1 39 38 38
1 40 39 39
1 41 40 40
1 42 41 41
2 3 42 42
2 4 43 43
2 5 44 44
2 6 45 45
2 7 46 46
2 8 47 47
2 9 48 48
2 10 49 49
2 11 50 50
2 12 51 51
2 13 52 52
2 14 53 53
2 15 54 54
2 16 55 55
2 17 56 56
2 18 57 57
2 19 58 58
2 20 59 59
2 21 60 60
2 22 61 61
2 23 62 62
2 24 63 63
2 25 64 64
2 26 65 65
2 27 66 66
2 28 67 67
2 29 68 68
2 30 69 69
2 31 70 70
2 32 71 71
2 33 72 72
2 34 73 73
2 35 74 74
2 36 75 75
2 37 76 76
2 38 77 77
2 39 78 78
2 40 79 79
2 41 80 80
2 42 81 81
3 4 82 82
3 5 83 83
3 6 84 84
3 7 85 85
3 8 86 86
3 9 87 87
3 10 88 88
3 11 89 89
3 12 90 90
3 13 91 91
3 14 92 92
3 15 93 93
3 16 94 94
3 17 95 95
3 18 96 96
3 19 97 97
3 20 98 98
3 21 99 99
3 22 100 100
3 23 101 101
3 24 102 102
3 25 103 103
3 26 104 104
3 27 105 105
3 28 106 106
3 29 107 107
3 30 108 108
3 31 109 109
3 32 110 110
3 33 111 111
3 34 112 112
3 35 113 113
3 36 114 114
3 37 115 115
3 38 116 116
3 39 117 117
3 40 118 118
3 41 119 119
3 42 120 120
4 5 121 121
4 6 122 122
4 7 123 123
4 8 124 124
4 9 125 125
4 10 126 126
4 11 127 127
4 12 128 128
4 13 129 129
4 14 130 130
4 15 131 131
4 16 132 132
4 17 133 133
4 18 134 134
4 19 135 135
4 20 136 136
4 21 137 137
4 22 138 138
4 23 139 139
4 24 140 140
4 25 141 141
4 26 142 142
4 27 143 143
4 28 144 144
4 29 145 145
4 30 146 146
4 31 147 147
4 32 148 148
4 33 149 149
4 34 150 150
4 35 151 151
4 36 152 152
4 37 153 153
4 38 154 154
4 39 155 155
4 40 156 156
4 41 157 157
4 42 158 158
5 6 159 159
5 7 160 160
5 8 161 161
5 9 162 162
5 10 163 163
5 11 164 164
5 12 165 165
5 13 166 166
5 14 167 167
5 15 168 168
5 16 169 169
5 17 170 170
5 18 171 171
5 19 172 172
5 20 173 173
5 21 174 174
5 22 175 175
5 23 176 176
5 24 177 177
5 25 178 178
5 26 179 179
5 27 180 180
5 28 181 181
5 29 182 182
5 30 183 183
5 31 184 184
5 32 185 185
5 33 186 186
5 34 187 187
5 35 188 188
5 36 189 189
5 37 190 190
5 38 191 191
5 39 192 192
5 40 193 193
5 41 194 194
5 42 195 195
6 7 196 196
6 8 197 197
6 9 198 198
6 10 199 199
6 11 200 200
6 12 201 201
6 13 202 202
6 14 203 203
6 15 204 204
6 16 205 205
6 17 206 206
6 18 207 207
6 19 208 208
6 20 209 209
6 21 210 210
6 22 211 211
6 23 212 212
6 24 213 213
6 25 214 214
6 26 215 215
6 27 216 216
6 28 217 217
6 29 218 218
6 30 219 219
6 31 220 220
6 32 221 221
6 33 222 222
6 34 223 223
6 35 224 224
6 36 225 225
6 37 226 226
6 38 227 227
6 39 228 228
6 40 229 229
6 41 230 230
6 42 231 231
7 8 232 232
7 9 233 233
7 10 234 234
7 11 235 235
7 12 236 236
7 13 237 237
7 14 238 238
7 15 239 239
7 16 240 240
7 17 241 241
7 18 242 242
7 19 243 243
7 20 244 244
7 21 245 245
7 22 246 246
7 23 247 247
7 24 248 248
7 25 249 249
7 26 250 250
7 27 251 251
7 28 252 252
7 29 253 253
7 30 254 254
7 31 255 255
7 32 256 256
7 33 257 257
7 34 258 258
7 35 259 259
7 36 260 260
7 37 261 261
7 38 262 262
7 39 263 263
7 40 264 264
7 41 265 265
7 42 266 266
8 9 267 267
8 10 268 268
8 11 269 269
8 12 270 270
8 13 271 271
8 14 272 272
8 15 273 273
8 16 274 274
8 17 275 275
8 18 276 276
8 19 277 277
8 20 278 278
8 21 279 279
8 22 280 280
8 23 281 281
8 24 282 282
8 25 283 283
8 26 284 284
8 27 285 285
8 28 286 286
8 29 287 287
8 30 288 288
8 31 289 289
8 32 290 290
8 33 291 291
8 34 292 292
8 35 293 293
8 36 294 294
8 37 295 295
8 38 296 296
8 39 297 297
8 40 298 298
8 41 299 299
8 42 300 300
9 10 301 301
9 11 302 302
9 12 303 303
9 13 304 304
9 14 305 305
9 15 306 306
9 16 307 307
9 17 308 308
9 18 309 309
9 19 310 310
9 20 311 311
9 21 312 312
9 22 313 313
9 23 314 314
9 24 315 315
9 25 316 316
9 26 317 317
9 27 318 318
9 28 319 319
9 29 320 320
9 30 321 321
9 31 322 322
9 32 323 323
9 33 324 324
9 34 325 325
9 35 326 326
9 36 327 327
9 37 328 328
9 38 329 329
9 39 330 330
9 40 331 331
9 41 332 332
9 42 333 333
10 11 334 334
10 12 335 335
10 13 336 336
10 14 337 337
10 15 338 338
10 16 339 339
10 17 340 340
10 18 341 341
10 19 342 342
10 20 343 343
10 21 344 344
10 22 345 345
10 23 346 346
10 24 347 347
10 25 348 348
10 26 349 349
10 27 350 350
10 28 351 351
10 29 352 352
10 30 353 353
10 31 354 354
10 32 355 355
10 33 356 356
10 34 357 357
10 35 358 358
10 36 359 359
10 37 360 360
10 38 361 361
10 39 362 362
10 40 363 363
10 41 364 364
10 42 365 365
11 12 366 366
11 13 367 367
11 14 368 368
11 15 369 369
11 16 370 370
11 17 371 371
11 18 372 372
11 19 373 373
11 20 374 374
11 21 375 375
11 22 376 376
11 23 377 377
11 24 378 378
11 25 379 379
11 26 380 380
11 27 381 381
11 28 382 382
11 29 383 383
11 30 384 384
11 31 385 385
11 32 386 386
11 33 387 387
11 34 388 388
11 35 389 389
11 36 390 390
11 37 391 391
11 38 392 392
11 39 393 393
11 40 394 394
11 41 395 395
11 42 396 396
12 13 397 397
12 14 398 398
12 15 399 399
12 16 400 400
12 17 401 401
12 18 402 402
12 19 403 403
12 20 404 404
12 21 405 405
12 22 406 406
12 23 407 407
12 24 408 408
12 25 409 409
12 26 410 410
12 27 411 411
12 28 412 412
12 29 413 413
12 30 414 414
12 31 415 415
12 32 416 416
12 33 417 417
12 34 418 418
12 35 419 419
12 36 420 420
12 37 421 421
12 38 422 422
12 39 423 423
12 40 424 424
12 41 425 425
12 42 426 426
13 14 427 427
13 15 428 428
13 16 429 429
13 17 430 430
13 18 431 431
13 19 432 432
13 20 433 433
13 21 434 434
13 22 435 435
13 23 436 436
13 24 437 437
13 25 438 438
13 26 439 439
13 27 440 440
13 28 441 441
13 29 442 442
13 30 443 443
13 31 444 444
13 32 445 445
13 33 446 446
13 34 447 447
13 35 448 448
13 36 449 449
13 37 450 450
13 38 451 451
13 39 452 452
13 40 453 453
13 41 454 454
13 42 455 455
14 15 456 456
14 16 457 457
14 17 458 458
14 18 459 459
14 19 460 460
14 20 461 461
14 21 462 462
14 22 463 463
14 23 464 464
14 24 465 465
14 25 466 466
14 26 467 467
14 27 468 468
14 28 469 469
14 29 470 470
14 30 471 471
14 31 472 472
14 32 473 473
14 33 474 474
14 34 475 475
14 35 476 476
14 36 477 477
14 37 478 478
14 38 479 479
14 39 480 480
14 40 481 481
14 41 482 482
14 42 483 483
15 16 484 484
15 17 485 485
15 18 486 486
15 19 487 487
15 20 488 488
15 21 489 489
15 22 490 490
15 23 491 491
15 24 492 492
15 25 493 493
15 26 494 494
15 27 495 495
15 28 496 496
15 29 497 497
15 30 498 498
15 31 499 499
15 32 500 500
15 33 501 501
15 34 502 502
15 35 503 503
15 36 504 504
15 37 505 505
15 38 506 506
15 39 507 507
15 40 508 508
15 41 509 509
15 42 510 510
16 17 511 511
16 18 512 512
16 19 513 513
16 20 514 514
16 21 515 515
16 22 516 516
16 23 517 517
16 24 518 518
16 25 519 519
16 26 520 520
16 27 521 521
16 28 522 522
16 29 523 523
16 30 524 524
16 31 525 525
16 32 526 526
16 33 527 527
16 34 528 528
16 35 529 529
16 36 530 530
16 37 531 531
16 38 532 532
16 39 533 533
16 40 534 534
16 41 535 535
16 42 536 536
17 18 537 537
17 19 538 538
17 20 539 539
17 21 540 540
17 22 541 541
17 23 542 542
17 24 543 543
17 25 544 544
17 26 545 545
17 27 546 546
17 28 547 547
17 29 548 548
17 30 549 549
17 31 550 550
17 32 551 551
17 33 552 552
17 34 553 553
17 35 554 554
17 36 555 555
17 37 556 556
17 38 557 557
17 39 558 558
17 40 559 559
17 41 560 560
17 42 561 561
18 19 562 562
18 20 563 563
18 21 564 564
18 22 565 565
18 23 566 566
18 24 567 567
18 25 568 568
18 26 569 569
18 27 570 570
18 28 571 571
18 29 572 572
18 30 573 573
18 31 574 574
18 32 575 575
18 33 576 576
18 34 577 577
18 35 578 578
18 36 579 579
18 37 580 580
18 38 581 581
18 39 582 582
18 40 583 583
18 41 584 584
18 42 585 585
19 20 586 586
19 21 587 587
19 22 588 588
19 23 589 589
19 24 590 590
19 25 591 591
19 26 592 592
19 27 593 593
19 28 594 594
19 29 595 595
19 30 596 596
19 31 597 597
19 32 598 598
19 33 599 599
19 34 600 600
19 35 601 601
19 36 602 602
19 37 603 603
19 38 604 604
19 39 605 605
19 40 606 606
19 41 607 607
19 42 608 608
20 21 609 609
20 22 610 610
20 23 611 611
20 24 612 612
20 25 613 613
20 26 614 614
20 27 615 615
20 28 616 616
20 29 617 617
20 30 618 618
20 31 619 619
20 32 620 620
20 33 621 621
20 34 622 622
20 35 623 623
20 36 624 624
20 37 625 625
20 38 626 626
20 39 627 627
20 40 628 628
20 41 629 629
20 42 630 630
21 22 631 631
21 23 632 632
21 24 633 633
21 25 634 634
21 26 635 635
21 27 636 636
21 28 637 637
21 29 638 638
21 30 639 639
21 31 640 640
21 32 641 641
21 33 642 642
21 34 643 643
21 35 644 644
21 36 645 645
21 37 646 646
21 38 647 647
21 39 648 648
21 40 649 649
21 41 650 650
21 42 651 651
22 23 652 652
22 24 653 653
22 25 654 654
22 26 655 655
22 27 656 656
22 28 657 657
22 29 658 658
22 30 659 659
22 31 660 660
22 32 661 661
22 33 662 662
22 34 663 663
22 35 664 664
22 36 665 665
22 37 666 666
22 38 667 667
22 39 668 668
22 40 669 669
22 41 670 670
22 42 671 671
23 24 672 672
23 25 673 673
23 26 674 674
23 27 675 675
23 28 676 676
23 29 677 677
23 30 678 678
23 31 679 679
23 32 680 680
23 33 681 681
23 34 682 682
23 35 683 683
23 36 684 684
23 37 685 685
23 38 686 686
23 39 687 687
23 40 688 688
23 41 689 689
23 42 690 690
24 25 691 691
24 26 692 692
24 27 693 693
24 28 694 694
24 29 695 695
24 30 696 696
24 31 697 697
24 32 698 698
24 33 699 699
24 34 700 700
24 35 701 701
24 36 702 702
24 37 703 703
24 38 704 704
24 39 705 705
24 40 706 706
24 41 707 707
24 42 708 708
25 26 709 709
25 27 710 710
25 28 711 711
25 29 712 712
25 30 713 713
25 31 714 714
25 32 715 715
25 33 716 716
25 34 717 717
25 35 718 718
25 36 719 719
25 37 720 720
25 38 721 721
25 39 722 722
25 40 723 723
25 41 724 724
25 42 725 725
26 27 726 726
26 28 727 727
26 29 728 728
26 30 729 729
26 31 730 730
26 32 731 731
26 33 732 732
26 34 733 733
26 35 734 734
26 36 735 735
26 37 736 736
26 38 737 737
26 39 738 738
26 40 739 739
26 41 740 740
26 42 741 741
27 28 742 742
27 29 743 743
27 30 744 744
27 31 745 745
27 32 746 746
27 33 747 747
27 34 748 748
27 35 749 749
27 36 750 750
27 37 751 751
27 38 752 752
27 39 753 753
27 40 754 754
27 41 755 755
27 42 756 756
28 29 757 757
28 30 758 758
28 31 759 759
28 32 760 760
28 33 761 761
28 34 762 762
28 35 763 763
28 36 764 764
28 37 765 765
28 38 766 766
28 39 767 767
28 40 768 768
28 41 769 769
28 42 770 770
29 30 771 771
29 31 772 772
29 32 773 773
29 33 774 774
29 34 775 775
29 35 776 776
29 36 777 777
29 37 778 778
29 38 779 779
29 39 780 780
29 40 781 781
29 41 782 782
29 42 783 783
30 31 784 784
30 32 785 785
30 33 786 786
30 34 787 787
30 35 788 788
30 36 789 789
30 37 790 790
30 38 791 791
30 39 792 792
30 40 793 793
30 41 794 794
30 42 795 795
31 32 796 796
31 33 797 797
31 34 798 798
31 35 799 799
31 36 800 800
31 37 801 801
31 38 802 802
31 39 803 803
31 40 804 804
31 41 805 805
31 42 806 806
32 33 807 807
32 34 808 808
32 35 809 809
32 36 810 810
32 37 811 811
32 38 812 812
32 39 813 813
32 40 814 814
32 41 815 815
32 42 816 816
33 34 817 817
33 35 818 818
33 36 819 819
33 37 820 820
33 38 821 821
33 39 822 822
33 40 823 823
33 41 824 824
33 42 825 825
34 35 826 826
34 36 827 827
34 37 828 828
34 38 829 829
34 39 830 830
34 40 831 831
34 41 832 832
34 42 833 833
35 36 834 834
35 37 835 835
35 38 836 836
35 39 837 837
35 40 838 838
35 41 839 839
35 42 840 840
36 37 841 841
36 38 842 842
36 39 843 843
36 40 844 844
36 41 845 845
36 42 846 846
37 38 847 847
37 39 848 848
37 40 849 849
37 41 850 850
37 42 851 851
38 39 852 852
38 40 853 853
38 41 854 854
38 42 855 855
39 40 856 856
39 41 857 857
39 42 858 858
40 41 859 859
40 42 860 860
41 42 861 861
