1 2 1 1
1 3 2 2
1 4 3 3
1 5 4 4
1 6 5 5
1 7 6 6
1 8 7 7
1 9 8 8
1 10 9 9
1 11 10 10
1 12 11 11
1 13 12 12
1 14 13 13
1 15 14 14
1 16 15 15
1 17 16 16
1 18 17 17
1 19 18 18
1 20 19 19
1 21 20 20
1 22 21 21
1 23 22 22
1 24 23 23
1 25 24 24
1 26 25 25
1 27 26 26
1 28 27 27
1 29 28 28
1 30 29 29
1 31 30 30
1 32 31 31
1 33 32 32
1 34 33 33
1 35 34 34
1 36 35 35
1 37 36 36
1 38 37 37
1 39 38 38
1 40 39 39
2 3 40 40
2 4 41 41
2 5 42 42
2 6 43 43
2 7 44 44
2 8 45 45
2 9 46 46
2 10 47 47
2 11 48 48
2 12 49 49
2 13 50 50
2 14 51 51
2 15 52 52
2 16 53 53
2 17 54 54
2 18 55 55
2 19 56 56
2 20 57 57
2 21 58 58
2 22 59 59
2 23 60 60
2 24 61 61
2 25 62 62
2 26 63 63
2 27 64 64
2 28 65 65
2 29 66 66
2 30 67 67
2 31 68 68
2 32 69 69
2 33 70 70
2 34 71 71
2 35 72 72
2 36 73 73
2 37 74 74
2 38 75 75
2 39 76 76
2 40 77 77
3 4 78 78
3 5 79 79
3 6 80 80
3 7 81 81
3 8 82 82
3 9 83 83
3 10 84 84
3 11 85 85
3 12 86 86
3 13 87 87
3 14 88 88
3 15 89 89
3 16 90 90
3 17 91 91
3 18 92 92
3 19 93 93
3 20 94 94
3 21 95 95
3 22 96 96
3 23 97 97
3 24 98 98
3 25 99 99
3 26 100 100
3 27 101 101
3 28 102 102
3 29 103 103
3 30 104 104
3 31 105 105
3 32 106 106
3 33 107 107
3 34 108 108
3 35 109 109
3 36 110 110
3 37 111 111
3 38 112 112
3 39 113 113
3 40 114 114
4 5 115 115
4 6 116 116
4 7 117 117
4 8 118 118
4 9 119 119
4 10 120 120
4 11 121 121
4 12 122 122
4 13 123 123
4 14 124 124
4 15 125 125
4 16 126 126
4 17 127 127
4 18 128 128
4 19 129 129
4 20 130 130
4 21 131 131
4 22 132 132
4 23 133 133
4 24 134 134
4 25 135 135
4 26 136 136
4 27 137 137
4 28 138 138
4 29 139 139
4 30 140 140
4 31 141 141
4 32 142 142
4 33 143 143
4 34 144 144
4 35 145 145
4 36 146 146
4 37 147 147
4 38 148 148
4 39 149 149
4 40 150 150
5 6 151 151
5 7 152 152
5 8 153 153
5 9 154 154
5 10 155 155
5 11 156 156
5 12 157 157
5 13 158 158
5 14 159 159
5 15 160 160
5 16 161 161
5 17 162 162
5 18 163 163
5 19 164 164
5 20 165 165
5 21 166 166
5 22 167 167
5 23 168 168
5 24 169 169
5 25 170 170
5 26 171 171
5 27 172 172
5 28 173 173
5 29 174 174
5 30 175 175
5 31 176 176
5 32 177 177
5 33 178 178
5 34 179 179
5 35 180 180
5 36 181 181
5 37 182 182
5 38 183 183
5 39 184 184
5 40 185 185
6 7 186 186
6 8 187 187
6 9 188 188
6 10 189 189
6 11 190 190
6 12 191 191
6 13 192 192
6 14 193 193
6 15 194 194
6 16 195 195
6 17 196 196
6 18 197 197
6 19 198 198
6 20 199 199
6 21 200 200
6 22 201 201
6 23 202 202
6 24 203 203
6 25 204 204
6 26 205 205
6 27 206 206
6 28 207 207
6 29 208 208
6 30 209 209
6 31 210 210
6 32 211 211
6 33 212 212
6 34 213 213
6 35 214 214
6 36 215 215
6 37 216 216
6 38 217 217
6 39 218 218
6 40 219 219
7 8 220 220
7 9 221 221
7 10 222 222
7 11 223 223
7 12 224 224
7 13 225 225
7 14 226 226
7 15 227 227
7 16 228 228
7 17 229 229
7 18 230 230
7 19 231 231
7 20 232 232
7 21 233 233
7 22 234 234
7 23 235 235
7 24 236 236
7 25 237 237
7 26 238 238
7 27 239 239
7 28 240 240
7 29 241 241
7 30 242 242
7 31 243 243
7 32 244 244
7 33 245 245
7 34 246 246
7 35 247 247
7 36 248 248
7 37 249 249
7 38 250 250
7 39 251 251
7 40 252 252
8 9 253 253
8 10 254 254
8 11 255 255
8 12 256 256
8 13 257 257
8 14 258 258
8 15 259 259
8 16 260 260
8 17 261 261
8 18 262 262
8 19 263 263
8 20 264 264
8 21 265 265
8 22 266 266
8 23 267 267
8 24 268 268
8 25 269 269
8 26 270 270
8 27 271 271
8 28 272 272
8 29 273 273
8 30 274 274
8 31 275 275
8 32 276 276
8 33 277 277
8 34 278 278
8 35 279 279
8 36 280 280
8 37 281 281
8 38 282 282
8 39 283 283
8 40 284 284
9 10 285 285
9 11 286 286
9 12 287 287
9 13 288 288
9 14 289 289
9 15 290 290
9 16 291 291
9 17 292 292
9 18 293 293
9 19 294 294
9 20 295 295
9 21 296 296
9 22 297 297
9 23 298 298
9 24 299 299
9 25 300 300
9 26 301 301
9 27 302 302
9 28 303 303
9 29 304 304
9 30 305 305
9 31 306 306
9 32 307 307
9 33 308 308
9 34 309 309
9 35 310 310
9 36 311 311
9 37 312 312
9 38 313 313
9 39 314 314
9 40 315 315
10 11 316 316
10 12 317 317
10 13 318 318
10 14 319 319
10 15 320 320
10 16 321 321
10 17 322 322
10 18 323 323
10 19 324 324
10 20 325 325
10 21 326 326
10 22 327 327
10 23 328 328
10 24 329 329
10 25 330 330
10 26 331 331
10 27 332 332
10 28 333 333
10 29 334 334
10 30 335 335
10 31 336 336
10 32 337 337
10 33 338 338
10 34 339 339
10 35 340 340
10 36 341 341
10 37 342 342
10 38 343 343
10 39 344 344
10 40 345 345
11 12 346 346
11 13 347 347
11 14 348 348
11 15 349 349
11 16 350 350
11 17 351 351
11 18 352 352
11 19 353 353
11 20 354 354
11 21 355 355
11 22 356 356
11 23 357 357
11 24 358 358
11 25 359 359
11 26 360 360
11 27 361 361
11 28 362 362
11 29 363 363
11 30 364 364
11 31 365 365
11 32 366 366
11 33 367 367
11 34 368 368
11 35 369 369
11 36 370 370
11 37 371 371
11 38 372 372
11 39 373 373
11 40 374 374
12 13 375 375
12 14 376 376
12 15 377 377
12 16 378 378
12 17 379 379
12 18 380 380
12 19 381 381
12 20 382 382
12 21 383 383
12 22 384 384
12 23 385 385
12 24 386 386
12 25 387 387
12 26 388 388
12 27 389 389
12 28 390 390
12 29 391 391
12 30 392 392
12 31 393 393
12 32 394 394
12 33 395 395
12 34 396 396
12 35 397 397
12 36 398 398
12 37 399 399
12 38 400 400
12 39 401 401
12 40 402 402
13 14 403 403
13 15 404 404
13 16 405 405
13 17 406 406
13 18 407 407
13 19 408 408
13 20 409 409
13 21 410 410
13 22 411 411
13 23 412 412
13 24 413 413
13 25 414 414
13 26 415 415
13 27 416 416
13 28 417 417
13 29 418 418
13 30 419 419
13 31 420 420
13 32 421 421
13 33 422 422
13 34 423 423
13 35 424 424
13 36 425 425
13 37 426 426
13 38 427 427
13 39 428 428
13 40 429 429
14 15 430 430
14 16 431 431
14 17 432 432
14 18 433 433
14 19 434 434
14 20 435 435
14 21 436 436
14 22 437 437
14 23 438 438
14 24 439 439
14 25 440 440
14 26 441 441
14 27 442 442
14 28 443 443
14 29 444 444
14 30 445 445
14 31 446 446
14 32 447 447
14 33 448 448
14 34 449 449
14 35 450 450
14 36 451 451
14 37 452 452
14 38 453 453
14 39 454 454
14 40 455 455
15 16 456 456
15 17 457 457
15 18 458 458
15 19 459 459
15 20 460 460
15 21 461 461
15 22 462 462
15 23 463 463
15 24 464 464
15 25 465 465
15 26 466 466
15 27 467 467
15 28 468 468
15 29 469 469
15 30 470 470
15 31 471 471
15 32 472 472
15 33 473 473
15 34 474 474
15 35 475 475
15 36 476 476
15 37 477 477
15 38 478 478
15 39 479 479
15 40 480 480
16 17 481 481
16 18 482 482
16 19 483 483
16 20 484 484
16 21 485 485
16 22 486 486
16 23 487 487
16 24 488 488
16 25 489 489
16 26 490 490
16 27 491 491
16 28 492 492
16 29 493 493
16 30 494 494
16 31 495 495
16 32 496 496
16 33 497 497
16 34 498 498
16 35 499 499
16 36 500 500
16 37 501 501
16 38 502 502
16 39 503 503
16 40 504 504
17 18 505 505
17 19 506 506
17 20 507 507
17 21 508 508
17 22 509 509
17 23 510 510
17 24 511 511
17 25 512 512
17 26 513 513
17 27 514 514
17 28 515 515
17 29 516 516
17 30 517 517
17 31 518 518
17 32 519 519
17 33 520 520
17 34 521 521
17 35 522 522
17 36 523 523
17 37 524 524
17 38 525 525
17 39 526 526
17 40 527 527
18 19 528 528
18 20 529 529
18 21 530 530
18 22 531 531
18 23 532 532
18 24 533 533
18 25 534 534
18 26 535 535
18 27 536 536
18 28 537 537
18 29 538 538
18 30 539 539
18 31 540 540
18 32 541 541
18 33 542 542
18 34 543 543
18 35 544 544
18 36 545 545
18 37 546 546
18 38 547 547
18 39 548 548
18 40 549 549
19 20 550 550
19 21 551 551
19 22 552 552
19 23 553 553
19 24 554 554
19 25 555 555
19 26 556 556
19 27 557 557
19 28 558 558
19 29 559 559
19 30 560 560
19 31 561 561
19 32 562 562
19 33 563 563
19 34 564 564
19 35 565 565
19 36 566 566
19 37 567 567
19 38 568 568
19 39 569 569
19 40 570 570
20 21 571 571
20 22 572 572
20 23 573 573
20 24 574 574
20 25 575 575
20 26 576 576
20 27 577 577
20 28 578 578
20 29 579 579
20 30 580 580
20 31 581 581
20 32 582 582
20 33 583 583
20 34 584 584
20 35 585 585
20 36 586 586
20 37 587 587
20 38 588 588
20 39 589 589
20 40 590 590
21 22 591 591
21 23 592 592
21 24 593 593
21 25 594 594
21 26 595 595
21 27 596 596
21 28 597 597
21 29 598 598
21 30 599 599
21 31 600 600
21 32 601 601
21 33 602 602
21 34 603 603
21 35 604 604
21 36 605 605
21 37 606 606
21 38 607 607
21 39 608 608
21 40 609 609
22 23 610 610
22 24 611 611
22 25 612 612
22 26 613 613
22 27 614 614
22 28 615 615
22 29 616 616
22 30 617 617
22 31 618 618
22 32 619 619
22 33 620 620
22 34 621 621
22 35 622 622
22 36 623 623
22 37 624 624
22 38 625 625
22 39 626 626
22 40 627 627
23 24 628 628
23 25 629 629
23 26 630 630
23 27 631 631
23 28 632 632
23 29 633 633
23 30 634 634
23 31 635 635
23 32 636 636
23 33 637 637
23 34 638 638
23 35 639 639
23 36 640 640
23 37 641 641
23 38 642 642
23 39 643 643
23 40 644 644
24 25 645 645
24 26 646 646
24 27 647 647
24 28 648 648
24 29 649 649
24 30 650 650
24 31 651 651
24 32 652 652
24 33 653 653
24 34 654 654
24 35 655 655
24 36 656 656
24 37 657 657
24 38 658 658
24 39 659 659
24 40 660 660
25 26 661 661
25 27 662 662
25 28 663 663
25 29 664 664
25 30 665 665
25 31 666 666
25 32 667 667
25 33 668 668
25 34 669 669
25 35 670 670
25 36 671 671
25 37 672 672
25 38 673 673
25 39 674 674
25 40 675 675
26 27 676 676
26 28 677 677
26 29 678 678
26 30 679 679
26 31 680 680
26 32 681 681
26 33 682 682
26 34 683 683
26 35 684 684
26 36 685 685
26 37 686 686
26 38 687 687
26 39 688 688
26 40 689 689
27 28 690 690
27 29 691 691
27 30 692 692
27 31 693 693
27 32 694 694
27 33 695 695
27 34 696 696
27 35 697 697
27 36 698 698
27 37 699 699
27 38 700 700
27 39 701 701
27 40 702 702
28 29 703 703
28 30 704 704
28 31 705 705
28 32 706 706
28 33 707 707
28 34 708 708
28 35 709 709
28 36 710 710
28 37 711 711
28 38 712 712
28 39 713 713
28 40 714 714
29 30 715 715
29 31 716 716
29 32 717 717
29 33 718 718
29 34 719 719
29 35 720 720
29 36 721 721
29 37 722 722
29 38 723 723
29 39 724 724
29 40 725 725
30 31 726 726
30 32 727 727
30 33 728 728
30 34 729 729
30 35 730 730
30 36 731 731
30 37 732 732
30 38 733 733
30 39 734 734
30 40 735 735
31 32 736 736
31 33 737 737
31 34 738 738
31 35 739 739
31 36 740 740
31 37 741 741
31 38 742 742
31 39 743 743
31 40 744 744
32 33 745 745
32 34 746 746
32 35 747 747
32 36 748 748
32 37 749 749
32 38 750 750
32 39 751 751
32 40 752 752
33 34 753 753
33 35 754 754
33 36 755 755
33 37 756 756
33 38 757 757
33 39 758 758
33 40 759 759
34 35 760 760
34 36 761 761
34 37 762 762
34 38 763 763
34 39 764 764
34 40 765 765
35 36 766 766
35 37 767 767
35 38 768 768
35 39 769 769
35 40 770 770
36 37 771 771
36 38 772 772
36 39 773 773
36 40 774 774
37 38 775 775
37 39 776 776
37 40 777 777
38 39 778 778
38 40 779 779
39 40 780 780
