1 2 1 1
1 3 2 2
1 4 3 3
1 5 4 4
1 6 5 5
1 7 6 6
1 8 7 7
1 9 8 8
1 10 9 9
1 11 10 10
1 12 11 11
1 13 12 12
1 14 13 13
1 15 14 14
1 16 15 15
1 17 16 16
1 18 17 17
1 19 18 18
1 20 19 19
1 21 20 20
1 22 21 21
1 23 22 22
1 24 23 23
1 25 24 24
1 26 25 25
1 27 26 26
1 28 27 27
1 29 28 28
1 30 29 29
1 31 30 30
1 32 31 31
1 33 32 32
2 3 33 33
2 4 34 34
2 5 35 35
2 6 36 36
2 7 37 37
2 8 38 38
2 9 39 39
2 10 40 40
2 11 41 41
2 12 42 42
2 13 43 43
2 14 44 44
2 15 45 45
2 16 46 46
2 17 47 47
2 18 48 48
2 19 49 49
2 20 50 50
2 21 51 51
2 22 52 52
2 23 53 53
2 24 54 54
2 25 55 55
2 26 56 56
2 27 57 57
2 28 58 58
2 29 59 59
2 30 60 60
2 31 61 61
2 32 62 62
2 33 63 63
3 4 64 64
3 5 65 65
3 6 66 66
3 7 67 67
3 8 68 68
3 9 69 69
3 10 70 70
3 11 71 71
3 12 72 72
3 13 73 73
3 14 74 74
3 15 75 75
3 16 76 76
3 17 77 77
3 18 78 78
3 19 79 79
3 20 80 80
3 21 81 81
3 22 82 82
3 23 83 83
3 24 84 84
3 25 85 85
3 26 86 86
3 27 87 87
3 28 88 88
3 29 89 89
3 30 90 90
3 31 91 91
3 32 92 92
3 33 93 93
4 5 94 94
4 6 95 95
4 7 96 96
4 8 97 97
4 9 98 98
4 10 99 99
4 11 100 100
4 12 101 101
4 13 102 102
4 14 103 103
4 15 104 104
4 16 105 105
4 17 106 106
4 18 107 107
4 19 108 108
4 20 109 109
4 21 110 110
4 22 111 111
4 23 112 112
4 24 113 113
4 25 114 114
4 26 115 115
4 27 116 116
4 28 117 117
4 29 118 118
4 30 119 119
4 31 120 120
4 32 121 121
4 33 122 122
5 6 123 123
5 7 124 124
5 8 125 125
5 9 126 126
5 10 127 127
5 11 128 128
5 12 129 129
5 13 130 130
5 14 131 131
5 15 132 132
5 16 133 133
5 17 134 134
5 18 135 135
5 19 136 136
5 20 137 137
5 21 138 138
5 22 139 139
5 23 140 140
5 24 141 141
5 25 142 142
5 26 143 143
5 27 144 144
5 28 145 145
5 29 146 146
5 30 147 147
5 31 148 148
5 32 149 149
5 33 150 150
6 7 151 151
6 8 152 152
6 9 153 153
6 10 154 154
6 11 155 155
6 12 156 156
6 13 157 157
6 14 158 158
6 15 159 159
6 16 160 160
6 17 161 161
6 18 162 162
6 19 163 163
6 20 164 164
6 21 165 165
6 22 166 166
6 23 167 167
6 24 168 168
6 25 169 169
6 26 170 170
6 27 171 171
6 28 172 172
6 29 173 173
6 30 174 174
6 31 175 175
6 32 176 176
6 33 177 177
7 8 178 178
7 9 179 179
7 10 180 180
7 11 181 181
7 12 182 182
7 13 183 183
7 14 184 184
7 15 185 185
7 16 186 186
7 17 187 187
7 18 188 188
7 19 189 189
7 20 190 190
7 21 191 191
7 22 192 192
7 23 193 193
7 24 194 194
7 25 195 195
7 26 196 196
7 27 197 197
7 28 198 198
7 29 199 199
7 30 200 200
7 31 201 201
7 32 202 202
7 33 203 203
8 9 204 204
8 10 205 205
8 11 206 206
8 12 207 207
8 13 208 208
8 14 209 209
8 15 210 210
8 16 211 211
8 17 212 212
8 18 213 213
8 19 214 214
8 20 215 215
8 21 216 216
8 22 217 217
8 23 218 218
8 24 219 219
8 25 220 220
8 26 221 221
8 27 222 222
8 28 223 223
8 29 224 224
8 30 225 225
8 31 226 226
8 32 227 227
8 33 228 228
9 10 229 229
9 11 230 230
9 12 231 231
9 13 232 232
9 14 233 233
9 15 234 234
9 16 235 235
9 17 236 236
9 18 237 237
9 19 238 238
9 20 239 239
9 21 240 240
9 22 241 241
9 23 242 242
9 24 243 243
9 25 244 244
9 26 245 245
9 27 246 246
9 28 247 247
9 29 248 248
9 30 249 249
9 31 250 250
9 32 251 251
9 33 252 252
10 11 253 253
10 12 254 254
10 13 255 255
10 14 256 256
10 15 257 257
10 16 258 258
10 17 259 259
10 18 260 260
10 19 261 261
10 20 262 262
10 21 263 263
10 22 264 264
10 23 265 265
10 24 266 266
10 25 267 267
10 26 268 268
10 27 269 269
10 28 270 270
10 29 271 271
10 30 272 272
10 31 273 273
10 32 274 274
10 33 275 275
11 12 276 276
11 13 277 277
11 14 278 278
11 15 279 279
11 16 280 280
11 17 281 281
11 18 282 282
11 19 283 283
11 20 284 284
11 21 285 285
11 22 286 286
11 23 287 287
11 24 288 288
11 25 289 289
11 26 290 290
11 27 291 291
11 28 292 292
11 29 293 293
11 30 294 294
11 31 295 295
11 32 296 296
11 33 297 297
12 13 298 298
12 14 299 299
12 15 300 300
12 16 301 301
12 17 302 302
12 18 303 303
12 19 304 304
12 20 305 305
12 21 306 306
12 22 307 307
12 23 308 308
12 24 309 309
12 25 310 310
12 26 311 311
12 27 312 312
12 28 313 313
12 29 314 314
12 30 315 315
12 31 316 316
12 32 317 317
12 33 318 318
13 14 319 319
13 15 320 320
13 16 321 321
13 17 322 322
13 18 323 323
13 19 324 324
13 20 325 325
13 21 326 326
13 22 327 327
13 23 328 328
13 24 329 329
13 25 330 330
13 26 331 331
13 27 332 332
13 28 333 333
13 29 334 334
13 30 335 335
13 31 336 336
13 32 337 337
13 33 338 338
14 15 339 339
14 16 340 340
14 17 341 341
14 18 342 342
14 19 343 343
14 20 344 344
14 21 345 345
14 22 346 346
14 23 347 347
14 24 348 348
14 25 349 349
14 26 350 350
14 27 351 351
14 28 352 352
14 29 353 353
14 30 354 354
14 31 355 355
14 32 356 356
14 33 357 357
15 16 358 358
15 17 359 359
15 18 360 360
15 19 361 361
15 20 362 362
15 21 363 363
15 22 364 364
15 23 365 365
15 24 366 366
15 25 367 367
15 26 368 368
15 27 369 369
15 28 370 370
15 29 371 371
15 30 372 372
15 31 373 373
15 32 374 374
15 33 375 375
16 17 376 376
16 18 377 377
16 19 378 378
16 20 379 379
16 21 380 380
16 22 381 381
16 23 382 382
16 24 383 383
16 25 384 384
16 26 385 385
16 27 386 386
16 28 387 387
16 29 388 388
16 30 389 389
16 31 390 390
16 32 391 391
16 33 392 392
17 18 393 393
17 19 394 394
17 20 395 395
17 21 396 396
17 22 397 397
17 23 398 398
17 24 399 399
17 25 400 400
17 26 401 401
17 27 402 402
17 28 403 403
17 29 404 404
17 30 405 405
17 31 406 406
17 32 407 407
17 33 408 408
18 19 409 409
18 20 410 410
18 21 411 411
18 22 412 412
18 23 413 413
18 24 414 414
18 25 415 415
18 26 416 416
18 27 417 417
18 28 418 418
18 29 419 419
18 30 420 420
18 31 421 421
18 32 422 422
18 33 423 423
19 20 424 424
19 21 425 425
19 22 426 426
19 23 427 427
19 24 428 428
19 25 429 429
19 26 430 430
19 27 431 431
19 28 432 432
19 29 433 433
19 30 434 434
19 31 435 435
19 32 436 436
19 33 437 437
20 21 438 438
20 22 439 439
20 23 440 440
20 24 441 441
20 25 442 442
20 26 443 443
20 27 444 444
20 28 445 445
20 29 446 446
20 30 447 447
20 31 448 448
20 32 449 449
20 33 450 450
21 22 451 451
21 23 452 452
21 24 453 453
21 25 454 454
21 26 455 455
21 27 456 456
21 28 457 457
21 29 458 458
21 30 459 459
21 31 460 460
21 32 461 461
21 33 462 462
22 23 463 463
22 24 464 464
22 25 465 465
22 26 466 466
22 27 467 467
22 28 468 468
22 29 469 469
22 30 470 470
22 31 471 471
22 32 472 472
22 33 473 473
23 24 474 474
23 25 475 475
23 26 476 476
23 27 477 477
23 28 478 478
23 29 479 479
23 30 480 480
23 31 481 481
23 32 482 482
23 33 483 483
24 25 484 484
24 26 485 485
24 27 486 486
24 28 487 487
24 29 488 488
24 30 489 489
24 31 490 490
24 32 491 491
24 33 492 492
25 26 493 493
25 27 494 494
25 28 495 495
25 29 496 496
25 30 497 497
25 31 498 498
25 32 499 499
25 33 500 500
26 27 501 501
26 28 502 502
26 29 503 503
26 30 504 504
26 31 505 505
26 32 506 506
26 33 507 507
27 28 508 508
27 29 509 509
27 30 510 510
27 31 511 511
27 32 512 512
27 33 513 513
28 29 514 514
28 30 515 515
28 31 516 516
28 32 517 517
28 33 518 518
29 30 519 519
29 31 520 520
29 32 521 521
29 33 522 522
30 31 523 523
30 32 524 524
30 33 525 525
31 32 526 526
31 33 527 527
32 33 528 528
