1 2 1 1
1 3 2 2
1 4 3 3
1 5 4 4
1 6 5 5
1 7 6 6
1 8 7 7
1 9 8 8
1 10 9 9
1 11 10 10
1 12 11 11
1 13 12 12
1 14 13 13
1 15 14 14
1 16 15 15
1 17 16 16
1 18 17 17
1 19 18 18
1 20 19 19
1 21 20 20
1 22 21 21
1 23 22 22
1 24 23 23
1 25 24 24
1 26 25 25
1 27 26 26
1 28 27 27
1 29 28 28
1 30 29 29
1 31 30 30
1 32 31 31
1 33 32 32
1 34 33 33
2 3 34 34
2 4 35 35
2 5 36 36
2 6 37 37
2 7 38 38
2 8 39 39
2 9 40 40
2 10 41 41
2 11 42 42
2 12 43 43
2 13 44 44
2 14 45 45
2 15 46 46
2 16 47 47
2 17 48 48
2 18 49 49
2 19 50 50
2 20 51 51
2 21 52 52
2 22 53 53
2 23 54 54
2 24 55 55
2 25 56 56
2 26 57 57
2 27 58 58
2 28 59 59
2 29 60 60
2 30 61 61
2 31 62 62
2 32 63 63
2 33 64 64
2 34 65 65
3 4 66 66
3 5 67 67
3 6 68 68
3 7 69 69
3 8 70 70
3 9 71 71
3 10 72 72
3 11 73 73
3 12 74 74
3 13 75 75
3 14 76 76
3 15 77 77
3 16 78 78
3 17 79 79
3 18 80 80
3 19 81 81
3 20 82 82
3 21 83 83
3 22 84 84
3 23 85 85
3 24 86 86
3 25 87 87
3 26 88 88
3 27 89 89
3 28 90 90
3 29 91 91
3 30 92 92
3 31 93 93
3 32 94 94
3 33 95 95
3 34 96 96
4 5 97 97
4 6 98 98
4 7 99 99
4 8 100 100
4 9 101 101
4 10 102 102
4 11 103 103
4 12 104 104
4 13 105 105
4 14 106 106
4 15 107 107
4 16 108 108
4 17 109 109
4 18 110 110
4 19 111 111
4 20 112 112
4 21 113 113
4 22 114 114
4 23 115 115
4 24 116 116
4 25 117 117
4 26 118 118
4 27 119 119
4 28 120 120
4 29 121 121
4 30 122 122
4 31 123 123
4 32 124 124
4 33 125 125
4 34 126 126
5 6 127 127
5 7 128 128
5 8 129 129
5 9 130 130
5 10 131 131
5 11 132 132
5 12 133 133
5 13 134 134
5 14 135 135
5 15 136 136
5 16 137 137
5 17 138 138
5 18 139 139
5 19 140 140
5 20 141 141
5 21 142 142
5 22 143 143
5 23 144 144
5 24 145 145
5 25 146 146
5 26 147 147
5 27 148 148
5 28 149 149
5 29 150 150
5 30 151 151
5 31 152 152
5 32 153 153
5 33 154 154
5 34 155 155
6 7 156 156
6 8 157 157
6 9 158 158
6 10 159 159
6 11 160 160
6 12 161 161
6 13 162 162
6 14 163 163
6 15 164 164
6 16 165 165
6 17 166 166
6 18 167 167
6 19 168 168
6 20 169 169
6 21 170 170
6 22 171 171
6 23 172 172
6 24 173 173
6 25 174 174
6 26 175 175
6 27 176 176
6 28 177 177
6 29 178 178
6 30 179 179
6 31 180 180
6 32 181 181
6 33 182 182
6 34 183 183
7 8 184 184
7 9 185 185
7 10 186 186
7 11 187 187
7 12 188 188
7 13 189 189
7 14 190 190
7 15 191 191
7 16 192 192
7 17 193 193
7 18 194 194
7 19 195 195
7 20 196 196
7 21 197 197
7 22 198 198
7 23 199 199
7 24 200 200
7 25 201 201
7 26 202 202
7 27 203 203
7 28 204 204
7 29 205 205
7 30 206 206
7 31 207 207
7 32 208 208
7 33 209 209
7 34 210 210
8 9 211 211
8 10 212 212
8 11 213 213
8 12 214 214
8 13 215 215
8 14 216 216
8 15 217 217
8 16 218 218
8 17 219 219
8 18 220 220
8 19 221 221
8 20 222 222
8 21 223 223
8 22 224 224
8 23 225 225
8 24 226 226
8 25 227 227
8 26 228 228
8 27 229 229
8 28 230 230
8 29 231 231
8 30 232 232
8 31 233 233
8 32 234 234
8 33 235 235
8 34 236 236
9 10 237 237
9 11 238 238
9 12 239 239
9 13 240 240
9 14 241 241
9 15 242 242
9 16 243 243
9 17 244 244
9 18 245 245
9 19 246 246
9 20 247 247
9 21 248 248
9 22 249 249
9 23 250 250
9 24 251 251
9 25 252 252
9 26 253 253
9 27 254 254
9 28 255 255
9 29 256 256
9 30 257 257
9 31 258 258
9 32 259 259
9 33 260 260
9 34 261 261
10 11 262 262
10 12 263 263
10 13 264 264
10 14 265 265
10 15 266 266
10 16 267 267
10 17 268 268
10 18 269 269
10 19 270 270
10 20 271 271
10 21 272 272
10 22 273 273
10 23 274 274
10 24 275 275
10 25 276 276
10 26 277 277
10 27 278 278
10 28 279 279
10 29 280 280
10 30 281 281
10 31 282 282
10 32 283 283
10 33 284 284
10 34 285 285
11 12 286 286
11 13 287 287
11 14 288 288
11 15 289 289
11 16 290 290
11 17 291 291
11 18 292 292
11 19 293 293
11 20 294 294
11 21 295 295
11 22 296 296
11 23 297 297
11 24 298 298
11 25 299 299
11 26 300 300
11 27 301 301
11 28 302 302
11 29 303 303
11 30 304 304
11 31 305 305
11 32 306 306
11 33 307 307
11 34 308 308
12 13 309 309
12 14 310 310
12 15 311 311
12 16 312 312
12 17 313 313
12 18 314 314
12 19 315 315
12 20 316 316
12 21 317 317
12 22 318 318
12 23 319 319
12 24 320 320
12 25 321 321
12 26 322 322
12 27 323 323
12 28 324 324
12 29 325 325
12 30 326 326
12 31 327 327
12 32 328 328
12 33 329 329
12 34 330 330
13 14 331 331
13 15 332 332
13 16 333 333
13 17 334 334
13 18 335 335
13 19 336 336
13 20 337 337
13 21 338 338
13 22 339 339
13 23 340 340
13 24 341 341
13 25 342 342
13 26 343 343
13 27 344 344
13 28 345 345
13 29 346 346
13 30 347 347
13 31 348 348
13 32 349 349
13 33 350 350
13 34 351 351
14 15 352 352
14 16 353 353
14 17 354 354
14 18 355 355
14 19 356 356
14 20 357 357
14 21 358 358
14 22 359 359
14 23 360 360
14 24 361 361
14 25 362 362
14 26 363 363
14 27 364 364
14 28 365 365
14 29 366 366
14 30 367 367
14 31 368 368
14 32 369 369
14 33 370 370
14 34 371 371
15 16 372 372
15 17 373 373
15 18 374 374
15 19 375 375
15 20 376 376
15 21 377 377
15 22 378 378
15 23 379 379
15 24 380 380
15 25 381 381
15 26 382 382
15 27 383 383
15 28 384 384
15 29 385 385
15 30 386 386
15 31 387 387
15 32 388 388
15 33 389 389
15 34 390 390
16 17 391 391
16 18 392 392
16 19 393 393
16 20 394 394
16 21 395 395
16 22 396 396
16 23 397 397
16 24 398 398
16 25 399 399
16 26 400 400
16 27 401 401
16 28 402 402
16 29 403 403
16 30 404 404
16 31 405 405
16 32 406 406
16 33 407 407
16 34 408 408
17 18 409 409
17 19 410 410
17 20 411 411
17 21 412 412
17 22 413 413
17 23 414 414
17 24 415 415
17 25 416 416
17 26 417 417
17 27 418 418
17 28 419 419
17 29 420 420
17 30 421 421
17 31 422 422
17 32 423 423
17 33 424 424
17 34 425 425
18 19 426 426
18 20 427 427
18 21 428 428
18 22 429 429
18 23 430 430
18 24 431 431
18 25 432 432
18 26 433 433
18 27 434 434
18 28 435 435
18 29 436 436
18 30 437 437
18 31 438 438
18 32 439 439
18 33 440 440
18 34 441 441
19 20 442 442
19 21 443 443
19 22 444 444
19 23 445 445
19 24 446 446
19 25 447 447
19 26 448 448
19 27 449 449
19 28 450 450
19 29 451 451
19 30 452 452
19 31 453 453
19 32 454 454
19 33 455 455
19 34 456 456
20 21 457 457
20 22 458 458
20 23 459 459
20 24 460 460
20 25 461 461
20 26 462 462
20 27 463 463
20 28 464 464
20 29 465 465
20 30 466 466
20 31 467 467
20 32 468 468
20 33 469 469
20 34 470 470
21 22 471 471
21 23 472 472
21 24 473 473
21 25 474 474
21 26 475 475
21 27 476 476
21 28 477 477
21 29 478 478
21 30 479 479
21 31 480 480
21 32 481 481
21 33 482 482
21 34 483 483
22 23 484 484
22 24 485 485
22 25 486 486
22 26 487 487
22 27 488 488
22 28 489 489
22 29 490 490
22 30 491 491
22 31 492 492
22 32 493 493
22 33 494 494
22 34 495 495
23 24 496 496
23 25 497 497
23 26 498 498
23 27 499 499
23 28 500 500
23 29 501 501
23 30 502 502
23 31 503 503
23 32 504 504
23 33 505 505
23 34 506 506
24 25 507 507
24 26 508 508
24 27 509 509
24 28 510 510
24 29 511 511
24 30 512 512
24 31 513 513
24 32 514 514
24 33 515 515
24 34 516 516
25 26 517 517
25 27 518 518
25 28 519 519
25 29 520 520
25 30 521 521
25 31 522 522
25 32 523 523
25 33 524 524
25 34 525 525
26 27 526 526
26 28 527 527
26 29 528 528
26 30 529 529
26 31 530 530
26 32 531 531
26 33 532 532
26 34 533 533
27 28 534 534
27 29 535 535
27 30 536 536
27 31 537 537
27 32 538 538
27 33 539 539
27 34 540 540
28 29 541 541
28 30 542 542
28 31 543 543
28 32 544 544
28 33 545 545
28 34 546 546
29 30 547 547
29 31 548 548
29 32 549 549
29 33 550 550
29 34 551 551
30 31 552 552
30 32 553 553
30 33 554 554
30 34 555 555
31 32 556 556
31 33 557 557
31 34 558 558
32 33 559 559
32 34 560 560
33 34 561 561
