1 2 1 1
1 3 2 2
1 4 3 3
1 5 4 4
1 6 5 5
1 7 6 6
1 8 7 7
1 9 8 8
1 10 9 9
1 11 10 10
1 12 11 11
1 13 12 12
1 14 13 13
1 15 14 14
1 16 15 15
1 17 16 16
1 18 17 17
1 19 18 18
1 20 19 19
1 21 20 20
1 22 21 21
1 23 22 22
1 24 23 23
1 25 24 24
1 26 25 25
1 27 26 26
1 28 27 27
1 29 28 28
1 30 29 29
1 31 30 30
1 32 31 31
1 33 32 32
1 34 33 33
1 35 34 34
1 36 35 35
1 37 36 36
1 38 37 37
1 39 38 38
1 40 39 39
1 41 40 40
1 42 41 41
1 43 42 42
1 44 43 43
1 45 44 44
2 3 45 45
2 4 46 46
2 5 47 47
2 6 48 48
2 7 49 49
2 8 50 50
2 9 51 51
2 10 52 52
2 11 53 53
2 12 54 54
2 13 55 55
2 14 56 56
2 15 57 57
2 16 58 58
2 17 59 59
2 18 60 60
2 19 61 61
2 20 62 62
2 21 63 63
2 22 64 64
2 23 65 65
2 24 66 66
2 25 67 67
2 26 68 68
2 27 69 69
2 28 70 70
2 29 71 71
2 30 72 72
2 31 73 73
2 32 74 74
2 33 75 75
2 34 76 76
2 35 77 77
2 36 78 78
2 37 79 79
2 38 80 80
2 39 81 81
2 40 82 82
2 41 83 83
2 42 84 84
2 43 85 85
2 44 86 86
2 45 87 87
3 4 88 88
3 5 89 89
3 6 90 90
3 7 91 91
3 8 92 92
3 9 93 93
3 10 94 94
3 11 95 95
3 12 96 96
3 13 97 97
3 14 98 98
3 15 99 99
3 16 100 100
3 17 101 101
3 18 102 102
3 19 103 103
3 20 104 104
3 21 105 105
3 22 106 106
3 23 107 107
3 24 108 108
3 25 109 109
3 26 110 110
3 27 111 111
3 28 112 112
3 29 113 113
3 30 114 114
3 31 115 115
3 32 116 116
3 33 117 117
3 34 118 118
3 35 119 119
3 36 120 120
3 37 121 121
3 38 122 122
3 39 123 123
3 40 124 124
3 41 125 125
3 42 126 126
3 43 127 127
3 44 128 128
3 45 129 129
4 5 130 130
4 6 131 131
4 7 132 132
4 8 133 133
4 9 134 134
4 10 135 135
4 11 136 136
4 12 137 137
4 13 138 138
4 14 139 139
4 15 140 140
4 16 141 141
4 17 142 142
4 18 143 143
4 19 144 144
4 20 145 145
4 21 146 146
4 22 147 147
4 23 148 148
4 24 149 149
4 25 150 150
4 26 151 151
4 27 152 152
4 28 153 153
4 29 154 154
4 30 155 155
4 31 156 156
4 32 157 157
4 33 158 158
4 34 159 159
4 35 160 160
4 36 161 161
4 37 162 162
4 38 163 163
4 39 164 164
4 40 165 165
4 41 166 166
4 42 167 167
4 43 168 168
4 44 169 169
4 45 170 170
5 6 171 171
5 7 172 172
5 8 173 173
5 9 174 174
5 10 175 175
5 11 176 176
5 12 177 177
5 13 178 178
5 14 179 179
5 15 180 180
5 16 181 181
5 17 182 182
5 18 183 183
5 19 184 184
5 20 185 185
5 21 186 186
5 22 187 187
5 23 188 188
5 24 189 189
5 25 190 190
5 26 191 191
5 27 192 192
5 28 193 193
5 29 194 194
5 30 195 195
5 31 196 196
5 32 197 197
5 33 198 198
5 34 199 199
5 35 200 200
5 36 201 201
5 37 202 202
5 38 203 203
5 39 204 204
5 40 205 205
5 41 206 206
5 42 207 207
5 43 208 208
5 44 209 209
5 45 210 210
6 7 211 211
6 8 212 212
6 9 213 213
6 10 214 214
6 11 215 215
6 12 216 216
6 13 217 217
6 14 218 218
6 15 219 219
6 16 220 220
6 17 221 221
6 18 222 222
6 19 223 223
6 20 224 224
6 21 225 225
6 22 226 226
6 23 227 227
6 24 228 228
6 25 229 229
6 26 230 230
6 27 231 231
6 28 232 232
6 29 233 233
6 30 234 234
6 31 235 235
6 32 236 236
6 33 237 237
6 34 238 238
6 35 239 239
6 36 240 240
6 37 241 241
6 38 242 242
6 39 243 243
6 40 244 244
6 41 245 245
6 42 246 246
6 43 247 247
6 44 248 248
6 45 249 249
7 8 250 250
7 9 251 251
7 10 252 252
7 11 253 253
7 12 254 254
7 13 255 255
7 14 256 256
7 15 257 257
7 16 258 258
7 17 259 259
7 18 260 260
7 19 261 261
7 20 262 262
7 21 263 263
7 22 264 264
7 23 265 265
7 24 266 266
7 25 267 267
7 26 268 268
7 27 269 269
7 28 270 270
7 29 271 271
7 30 272 272
7 31 273 273
7 32 274 274
7 33 275 275
7 34 276 276
7 35 277 277
7 36 278 278
7 37 279 279
7 38 280 280
7 39 281 281
7 40 282 282
7 41 283 283
7 42 284 284
7 43 285 285
7 44 286 286
7 45 287 287
8 9 288 288
8 10 289 289
8 11 290 290
8 12 291 291
8 13 292 292
8 14 293 293
8 15 294 294
8 16 295 295
8 17 296 296
8 18 297 297
8 19 298 298
8 20 299 299
8 21 300 300
8 22 301 301
8 23 302 302
8 24 303 303
8 25 304 304
8 26 305 305
8 27 306 306
8 28 307 307
8 29 308 308
8 30 309 309
8 31 310 310
8 32 311 311
8 33 312 312
8 34 313 313
8 35 314 314
8 36 315 315
8 37 316 316
8 38 317 317
8 39 318 318
8 40 319 319
8 41 320 320
8 42 321 321
8 43 322 322
8 44 323 323
8 45 324 324
9 10 325 325
9 11 326 326
9 12 327 327
9 13 328 328
9 14 329 329
9 15 330 330
9 16 331 331
9 17 332 332
9 18 333 333
9 19 334 334
9 20 335 335
9 21 336 336
9 22 337 337
9 23 338 338
9 24 339 339
9 25 340 340
9 26 341 341
9 27 342 342
9 28 343 343
9 29 344 344
9 30 345 345
9 31 346 346
9 32 347 347
9 33 348 348
9 34 349 349
9 35 350 350
9 36 351 351
9 37 352 352
9 38 353 353
9 39 354 354
9 40 355 355
9 41 356 356
9 42 357 357
9 43 358 358
9 44 359 359
9 45 360 360
10 11 361 361
10 12 362 362
10 13 363 363
10 14 364 364
10 15 365 365
10 16 366 366
10 17 367 367
10 18 368 368
10 19 369 369
10 20 370 370
10 21 371 371
10 22 372 372
10 23 373 373
10 24 374 374
10 25 375 375
10 26 376 376
10 27 377 377
10 28 378 378
10 29 379 379
10 30 380 380
10 31 381 381
10 32 382 382
10 33 383 383
10 34 384 384
10 35 385 385
10 36 386 386
10 37 387 387
10 38 388 388
10 39 389 389
10 40 390 390
10 41 391 391
10 42 392 392
10 43 393 393
10 44 394 394
10 45 395 395
11 12 396 396
11 13 397 397
11 14 398 398
11 15 399 399
11 16 400 400
11 17 401 401
11 18 402 402
11 19 403 403
11 20 404 404
11 21 405 405
11 22 406 406
11 23 407 407
11 24 408 408
11 25 409 409
11 26 410 410
11 27 411 411
11 28 412 412
11 29 413 413
11 30 414 414
11 31 415 415
11 32 416 416
11 33 417 417
11 34 418 418
11 35 419 419
11 36 420 420
11 37 421 421
11 38 422 422
11 39 423 423
11 40 424 424
11 41 425 425
11 42 426 426
11 43 427 427
11 44 428 428
11 45 429 429
12 13 430 430
12 14 431 431
12 15 432 432
12 16 433 433
12 17 434 434
12 18 435 435
12 19 436 436
12 20 437 437
12 21 438 438
12 22 439 439
12 23 440 440
12 24 441 441
12 25 442 442
12 26 443 443
12 27 444 444
12 28 445 445
12 29 446 446
12 30 447 447
12 31 448 448
12 32 449 449
12 33 450 450
12 34 451 451
12 35 452 452
12 36 453 453
12 37 454 454
12 38 455 455
12 39 456 456
12 40 457 457
12 41 458 458
12 42 459 459
12 43 460 460
12 44 461 461
12 45 462 462
13 14 463 463
13 15 464 464
13 16 465 465
13 17 466 466
13 18 467 467
13 19 468 468
13 20 469 469
13 21 470 470
13 22 471 471
13 23 472 472
13 24 473 473
13 25 474 474
13 26 475 475
13 27 476 476
13 28 477 477
13 29 478 478
13 30 479 479
13 31 480 480
13 32 481 481
13 33 482 482
13 34 483 483
13 35 484 484
13 36 485 485
13 37 486 486
13 38 487 487
13 39 488 488
13 40 489 489
13 41 490 490
13 42 491 491
13 43 492 492
13 44 493 493
13 45 494 494
14 15 495 495
14 16 496 496
14 17 497 497
14 18 498 498
14 19 499 499
14 20 500 500
14 21 501 501
14 22 502 502
14 23 503 503
14 24 504 504
14 25 505 505
14 26 506 506
14 27 507 507
14 28 508 508
14 29 509 509
14 30 510 510
14 31 511 511
14 32 512 512
14 33 513 513
14 34 514 514
14 35 515 515
14 36 516 516
14 37 517 517
14 38 518 518
14 39 519 519
14 40 520 520
14 41 521 521
14 42 522 522
14 43 523 523
14 44 524 524
14 45 525 525
15 16 526 526
15 17 527 527
15 18 528 528
15 19 529 529
15 20 530 530
15 21 531 531
15 22 532 532
15 23 533 533
15 24 534 534
15 25 535 535
15 26 536 536
15 27 537 537
15 28 538 538
15 29 539 539
15 30 540 540
15 31 541 541
15 32 542 542
15 33 543 543
15 34 544 544
15 35 545 545
15 36 546 546
15 37 547 547
15 38 548 548
15 39 549 549
15 40 550 550
15 41 551 551
15 42 552 552
15 43 553 553
15 44 554 554
15 45 555 555
16 17 556 556
16 18 557 557
16 19 558 558
16 20 559 559
16 21 560 560
16 22 561 561
16 23 562 562
16 24 563 563
16 25 564 564
16 26 565 565
16 27 566 566
16 28 567 567
16 29 568 568
16 30 569 569
16 31 570 570
16 32 571 571
16 33 572 572
16 34 573 573
16 35 574 574
16 36 575 575
16 37 576 576
16 38 577 577
16 39 578 578
16 40 579 579
16 41 580 580
16 42 581 581
16 43 582 582
16 44 583 583
16 45 584 584
17 18 585 585
17 19 586 586
17 20 587 587
17 21 588 588
17 22 589 589
17 23 590 590
17 24 591 591
17 25 592 592
17 26 593 593
17 27 594 594
17 28 595 595
17 29 596 596
17 30 597 597
17 31 598 598
17 32 599 599
17 33 600 600
17 34 601 601
17 35 602 602
17 36 603 603
17 37 604 604
17 38 605 605
17 39 606 606
17 40 607 607
17 41 608 608
17 42 609 609
17 43 610 610
17 44 611 611
17 45 612 612
18 19 613 613
18 20 614 614
18 21 615 615
18 22 616 616
18 23 617 617
18 24 618 618
18 25 619 619
18 26 620 620
18 27 621 621
18 28 622 622
18 29 623 623
18 30 624 624
18 31 625 625
18 32 626 626
18 33 627 627
18 34 628 628
18 35 629 629
18 36 630 630
18 37 631 631
18 38 632 632
18 39 633 633
18 40 634 634
18 41 635 635
18 42 636 636
18 43 637 637
18 44 638 638
18 45 639 639
19 20 640 640
19 21 641 641
19 22 642 642
19 23 643 643
19 24 644 644
19 25 645 645
19 26 646 646
19 27 647 647
19 28 648 648
19 29 649 649
19 30 650 650
19 31 651 651
19 32 652 652
19 33 653 653
19 34 654 654
19 35 655 655
19 36 656 656
19 37 657 657
19 38 658 658
19 39 659 659
19 40 660 660
19 41 661 661
19 42 662 662
19 43 663 663
19 44 664 664
19 45 665 665
20 21 666 666
20 22 667 667
20 23 668 668
20 24 669 669
20 25 670 670
20 26 671 671
20 27 672 672
20 28 673 673
20 29 674 674
20 30 675 675
20 31 676 676
20 32 677 677
20 33 678 678
20 34 679 679
20 35 680 680
20 36 681 681
20 37 682 682
20 38 683 683
20 39 684 684
20 40 685 685
20 41 686 686
20 42 687 687
20 43 688 688
20 44 689 689
20 45 690 690
21 22 691 691
21 23 692 692
21 24 693 693
21 25 694 694
21 26 695 695
21 27 696 696
21 28 697 697
21 29 698 698
21 30 699 699
21 31 700 700
21 32 701 701
21 33 702 702
21 34 703 703
21 35 704 704
21 36 705 705
21 37 706 706
21 38 707 707
21 39 708 708
21 40 709 709
21 41 710 710
21 42 711 711
21 43 712 712
21 44 713 713
21 45 714 714
22 23 715 715
22 24 716 716
22 25 717 717
22 26 718 718
22 27 719 719
22 28 720 720
22 29 721 721
22 30 722 722
22 31 723 723
22 32 724 724
22 33 725 725
22 34 726 726
22 35 727 727
22 36 728 728
22 37 729 729
22 38 730 730
22 39 731 731
22 40 732 732
22 41 733 733
22 42 734 734
22 43 735 735
22 44 736 736
22 45 737 737
23 24 738 738
23 25 739 739
23 26 740 740
23 27 741 741
23 28 742 742
23 29 743 743
23 30 744 744
23 31 745 745
23 32 746 746
23 33 747 747
23 34 748 748
23 35 749 749
23 36 750 750
23 37 751 751
23 38 752 752
23 39 753 753
23 40 754 754
23 41 755 755
23 42 756 756
23 43 757 757
23 44 758 758
23 45 759 759
24 25 760 760
24 26 761 761
24 27 762 762
24 28 763 763
24 29 764 764
24 30 765 765
24 31 766 766
24 32 767 767
24 33 768 768
24 34 769 769
24 35 770 770
24 36 771 771
24 37 772 772
24 38 773 773
24 39 774 774
24 40 775 775
24 41 776 776
24 42 777 777
24 43 778 778
24 44 779 779
24 45 780 780
25 26 781 781
25 27 782 782
25 28 783 783
25 29 784 784
25 30 785 785
25 31 786 786
25 32 787 787
25 33 788 788
25 34 789 789
25 35 790 790
25 36 791 791
25 37 792 792
25 38 793 793
25 39 794 794
25 40 795 795
25 41 796 796
25 42 797 797
25 43 798 798
25 44 799 799
25 45 800 800
26 27 801 801
26 28 802 802
26 29 803 803
26 30 804 804
26 31 805 805
26 32 806 806
26 33 807 807
26 34 808 808
26 35 809 809
26 36 810 810
26 37 811 811
26 38 812 812
26 39 813 813
26 40 814 814
26 41 815 815
26 42 816 816
26 43 817 817
26 44 818 818
26 45 819 819
27 28 820 820
27 29 821 821
27 30 822 822
27 31 823 823
27 32 824 824
27 33 825 825
27 34 826 826
27 35 827 827
27 36 828 828
27 37 829 829
27 38 830 830
27 39 831 831
27 40 832 832
27 41 833 833
27 42 834 834
27 43 835 835
27 44 836 836
27 45 837 837
28 29 838 838
28 30 839 839
28 31 840 840
28 32 841 841
28 33 842 842
28 34 843 843
28 35 844 844
28 36 845 845
28 37 846 846
28 38 847 847
28 39 848 848
28 40 849 849
28 41 850 850
28 42 851 851
28 43 852 852
28 44 853 853
28 45 854 854
29 30 855 855
29 31 856 856
29 32 857 857
29 33 858 858
29 34 859 859
29 35 860 860
29 36 861 861
29 37 862 862
29 38 863 863
29 39 864 864
29 40 865 865
29 41 866 866
29 42 867 867
29 43 868 868
29 44 869 869
29 45 870 870
30 31 871 871
30 32 872 872
30 33 873 873
30 34 874 874
30 35 875 875
30 36 876 876
30 37 877 877
30 38 878 878
30 39 879 879
30 40 880 880
30 41 881 881
30 42 882 882
30 43 883 883
30 44 884 884
30 45 885 885
31 32 886 886
31 33 887 887
31 34 888 888
31 35 889 889
31 36 890 890
31 37 891 891
31 38 892 892
31 39 893 893
31 40 894 894
31 41 895 895
31 42 896 896
31 43 897 897
31 44 898 898
31 45 899 899
32 33 900 900
32 34 901 901
32 35 902 902
32 36 903 903
32 37 904 904
32 38 905 905
32 39 906 906
32 40 907 907
32 41 908 908
32 42 909 909
32 43 910 910
32 44 911 911
32 45 912 912
33 34 913 913
33 35 914 914
33 36 915 915
33 37 916 916
33 38 917 917
33 39 918 918
33 40 919 919
33 41 920 920
33 42 921 921
33 43 922 922
33 44 923 923
33 45 924 924
34 35 925 925
34 36 926 926
34 37 927 927
34 38 928 928
34 39 929 929
34 40 930 930
34 41 931 931
34 42 932 932
34 43 933 933
34 44 934 934
34 45 935 935
35 36 936 936
35 37 937 937
35 38 938 938
35 39 939 939
35 40 940 940
35 41 941 941
35 42 942 942
35 43 943 943
35 44 944 944
35 45 945 945
36 37 946 946
36 38 947 947
36 39 948 948
36 40 949 949
36 41 950 950
36 42 951 951
36 43 952 952
36 44 953 953
36 45 954 954
37 38 955 955
37 39 956 956
37 40 957 957
37 41 958 958
37 42 959 959
37 43 960 960
37 44 961 961
37 45 962 962
38 39 963 963
38 40 964 964
38 41 965 965
38 42 966 966
38 43 967 967
38 44 968 968
38 45 969 969
39 40 970 970
39 41 971 971
39 42 972 972
39 43 973 973
39 44 974 974
39 45 975 975
40 41 976 976
40 42 977 977
40 43 978 978
40 44 979 979
40 45 980 980
41 42 981 981
41 43 982 982
41 44 983 983
41 45 984 984
42 43 985 985
42 44 986 986
42 45 987 987
43 44 988 988
43 45 989 989
44 45 990 990
