1 2 1 1
1 3 2 2
1 4 3 3
1 5 4 4
1 6 5 5
1 7 6 6
1 8 7 7
1 9 8 8
1 10 9 9
1 11 10 10
1 12 11 11
1 13 12 12
1 14 13 13
1 15 14 14
1 16 15 15
1 17 16 16
1 18 17 17
1 19 18 18
1 20 19 19
1 21 20 20
1 22 21 21
1 23 22 22
1 24 23 23
2 3 24 24
2 4 25 25
2 5 26 26
2 6 27 27
2 7 28 28
2 8 29 29
2 9 30 30
2 10 31 31
2 11 32 32
2 12 33 33
2 13 34 34
2 14 35 35
2 15 36 36
2 16 37 37
2 17 38 38
2 18 39 39
2 19 40 40
2 20 41 41
2 21 42 42
2 22 43 43
2 23 44 44
2 24 45 45
3 4 46 46
3 5 47 47
3 6 48 48
3 7 49 49
3 8 50 50
3 9 51 51
3 10 52 52
3 11 53 53
3 12 54 54
3 13 55 55
3 14 56 56
3 15 57 57
3 16 58 58
3 17 59 59
3 18 60 60
3 19 61 61
3 20 62 62
3 21 63 63
3 22 64 64
3 23 65 65
3 24 66 66
4 5 67 67
4 6 68 68
4 7 69 69
4 8 70 70
4 9 71 71
4 10 72 72
4 11 73 73
4 12 74 74
4 13 75 75
4 14 76 76
4 15 77 77
4 16 78 78
4 17 79 79
4 18 80 80
4 19 81 81
4 20 82 82
4 21 83 83
4 22 84 84
4 23 85 85
4 24 86 86
5 6 87 87
5 7 88 88
5 8 89 89
5 9 90 90
5 10 91 91
5 11 92 92
5 12 93 93
5 13 94 94
5 14 95 95
5 15 96 96
5 16 97 97
5 17 98 98
5 18 99 99
5 19 100 100
5 20 101 101
5 21 102 102
5 22 103 103
5 23 104 104
5 24 105 105
6 7 106 106
6 8 107 107
6 9 108 108
6 10 109 109
6 11 110 110
6 12 111 111
6 13 112 112
6 14 113 113
6 15 114 114
6 16 115 115
6 17 116 116
6 18 117 117
6 19 118 118
6 20 119 119
6 21 120 120
6 22 121 121
6 23 122 122
6 24 123 123
7 8 124 124
7 9 125 125
7 10 126 126
7 11 127 127
7 12 128 128
7 13 129 129
7 14 130 130
7 15 131 131
7 16 132 132
7 17 133 133
7 18 134 134
7 19 135 135
7 20 136 136
7 21 137 137
7 22 138 138
7 23 139 139
7 24 140 140
8 9 141 141
8 10 142 142
8 11 143 143
8 12 144 144
8 13 145 145
8 14 146 146
8 15 147 147
8 16 148 148
8 17 149 149
8 18 150 150
8 19 151 151
8 20 152 152
8 21 153 153
8 22 154 154
8 23 155 155
8 24 156 156
9 10 157 157
9 11 158 158
9 12 159 159
9 13 160 160
9 14 161 161
9 15 162 162
9 16 163 163
9 17 164 164
9 18 165 165
9 19 166 166
9 20 167 167
9 21 168 168
9 22 169 169
9 23 170 170
9 24 171 171
10 11 172 172
10 12 173 173
10 13 174 174
10 14 175 175
10 15 176 176
10 16 177 177
10 17 178 178
10 18 179 179
10 19 180 180
10 20 181 181
10 21 182 182
10 22 183 183
10 23 184 184
10 24 185 185
11 12 186 186
11 13 187 187
11 14 188 188
11 15 189 189
11 16 190 190
11 17 191 191
11 18 192 192
11 19 193 193
11 20 194 194
11 21 195 195
11 22 196 196
11 23 197 197
11 24 198 198
12 13 199 199
12 14 200 200
12 15 201 201
12 16 202 202
12 17 203 203
12 18 204 204
12 19 205 205
12 20 206 206
12 21 207 207
12 22 208 208
12 23 209 209
12 24 210 210
13 14 211 211
13 15 212 212
13 16 213 213
13 17 214 214
13 18 215 215
13 19 216 216
13 20 217 217
13 21 218 218
13 22 219 219
13 23 220 220
13 24 221 221
14 15 222 222
14 16 223 223
14 17 224 224
14 18 225 225
14 19 226 226
14 20 227 227
14 21 228 228
14 22 229 229
14 23 230 230
14 24 231 231
15 16 232 232
15 17 233 233
15 18 234 234
15 19 235 235
15 20 236 236
15 21 237 237
15 22 238 238
15 23 239 239
15 24 240 240
16 17 241 241
16 18 242 242
16 19 243 243
16 20 244 244
16 21 245 245
16 22 246 246
16 23 247 247
16 24 248 248
17 18 249 249
17 19 250 250
17 20 251 251
17 21 252 252
17 22 253 253
17 23 254 254
17 24 255 255
18 19 256 256
18 20 257 257
18 21 258 258
18 22 259 259
18 23 260 260
18 24 261 261
19 20 262 262
19 21 263 263
19 22 264 264
19 23 265 265
19 24 266 266
20 21 267 267
20 22 268 268
20 23 269 269
20 24 270 270
21 22 271 271
21 23 272 272
21 24 273 273
22 23 274 274
22 24 275 275
23 24 276 276
