1 2 1 1
1 3 2 2
1 4 3 3
1 5 4 4
1 6 5 5
1 7 6 6
1 8 7 7
1 9 8 8
1 10 9 9
1 11 10 10
1 12 11 11
1 13 12 12
1 14 13 13
1 15 14 14
1 16 15 15
1 17 16 16
1 18 17 17
1 19 18 18
1 20 19 19
1 21 20 20
2 3 21 21
2 4 22 22
2 5 23 23
2 6 24 24
2 7 25 25
2 8 26 26
2 9 27 27
2 10 28 28
2 11 29 29
2 12 30 30
2 13 31 31
2 14 32 32
2 15 33 33
2 16 34 34
2 17 35 35
2 18 36 36
2 19 37 37
2 20 38 38
2 21 39 39
3 4 40 40
3 5 41 41
3 6 42 42
3 7 43 43
3 8 44 44
3 9 45 45
3 10 46 46
3 11 47 47
3 12 48 48
3 13 49 49
3 14 50 50
3 15 51 51
3 16 52 52
3 17 53 53
3 18 54 54
3 19 55 55
3 20 56 56
3 21 57 57
4 5 58 58
4 6 59 59
4 7 60 60
4 8 61 61
4 9 62 62
4 10 63 63
4 11 64 64
4 12 65 65
4 13 66 66
4 14 67 67
4 15 68 68
4 16 69 69
4 17 70 70
4 18 71 71
4 19 72 72
4 20 73 73
4 21 74 74
5 6 75 75
5 7 76 76
5 8 77 77
5 9 78 78
5 10 79 79
5 11 80 80
5 12 81 81
5 13 82 82
5 14 83 83
5 15 84 84
5 16 85 85
5 17 86 86
5 18 87 87
5 19 88 88
5 20 89 89
5 21 90 90
6 7 91 91
6 8 92 92
6 9 93 93
6 10 94 94
6 11 95 95
6 12 96 96
6 13 97 97
6 14 98 98
6 15 99 99
6 16 100 100
6 17 101 101
6 18 102 102
6 19 103 103
6 20 104 104
6 21 105 105
7 8 106 106
7 9 107 107
7 10 108 108
7 11 109 109
7 12 110 110
7 13 111 111
7 14 112 112
7 15 113 113
7 16 114 114
7 17 115 115
7 18 116 116
7 19 117 117
7 20 118 118
7 21 119 119
8 9 120 120
8 10 121 121
8 11 122 122
8 12 123 123
8 13 124 124
8 14 125 125
8 15 126 126
8 16 127 127
8 17 128 128
8 18 129 129
8 19 130 130
8 20 131 131
8 21 132 132
9 10 133 133
9 11 134 134
9 12 135 135
9 13 136 136
9 14 137 137
9 15 138 138
9 16 139 139
9 17 140 140
9 18 141 141
9 19 142 142
9 20 143 143
9 21 144 144
10 11 145 145
10 12 146 146
10 13 147 147
10 14 148 148
10 15 149 149
10 16 150 150
10 17 151 151
10 18 152 152
10 19 153 153
10 20 154 154
10 21 155 155
11 12 156 156
11 13 157 157
11 14 158 158
11 15 159 159
11 16 160 160
11 17 161 161
11 18 162 162
11 19 163 163
11 20 164 164
11 21 165 165
12 13 166 166
12 14 167 167
12 15 168 168
12 16 169 169
12 17 170 170
12 18 171 171
12 19 172 172
12 20 173 173
12 21 174 174
13 14 175 175
13 15 176 176
13 16 177 177
13 17 178 178
13 18 179 179
13 19 180 180
13 20 181 181
13 21 182 182
14 15 183 183
14 16 184 184
14 17 185 185
14 18 186 186
14 19 187 187
14 20 188 188
14 21 189 189
15 16 190 190
15 17 191 191
15 18 192 192
15 19 193 193
15 20 194 194
15 21 195 195
16 17 196 196
16 18 197 197
16 19 198 198
16 20 199 199
16 21 200 200
17 18 201 201
17 19 202 202
17 20 203 203
17 21 204 204
18 19 205 205
18 20 206 206
18 21 207 207
19 20 208 208
19 21 209 209
20 21 210 210
