1 2 1 1
1 3 2 2
1 4 3 3
1 5 4 4
1 6 5 5
1 7 6 6
1 8 7 7
1 9 8 8
1 10 9 9
1 11 10 10
1 12 11 11
1 13 12 12
1 14 13 13
1 15 14 14
1 16 15 15
1 17 16 16
1 18 17 17
1 19 18 18
1 20 19 19
1 21 20 20
1 22 21 21
1 23 22 22
1 24 23 23
1 25 24 24
1 26 25 25
1 27 26 26
1 28 27 27
1 29 28 28
1 30 29 29
1 31 30 30
1 32 31 31
2 3 32 32
2 4 33 33
2 5 34 34
2 6 35 35
2 7 36 36
2 8 37 37
2 9 38 38
2 10 39 39
2 11 40 40
2 12 41 41
2 13 42 42
2 14 43 43
2 15 44 44
2 16 45 45
2 17 46 46
2 18 47 47
2 19 48 48
2 20 49 49
2 21 50 50
2 22 51 51
2 23 52 52
2 24 53 53
2 25 54 54
2 26 55 55
2 27 56 56
2 28 57 57
2 29 58 58
2 30 59 59
2 31 60 60
2 32 61 61
3 4 62 62
3 5 63 63
3 6 64 64
3 7 65 65
3 8 66 66
3 9 67 67
3 10 68 68
3 11 69 69
3 12 70 70
3 13 71 71
3 14 72 72
3 15 73 73
3 16 74 74
3 17 75 75
3 18 76 76
3 19 77 77
3 20 78 78
3 21 79 79
3 22 80 80
3 23 81 81
3 24 82 82
3 25 83 83
3 26 84 84
3 27 85 85
3 28 86 86
3 29 87 87
3 30 88 88
3 31 89 89
3 32 90 90
4 5 91 91
4 6 92 92
4 7 93 93
4 8 94 94
4 9 95 95
4 10 96 96
4 11 97 97
4 12 98 98
4 13 99 99
4 14 100 100
4 15 101 101
4 16 102 102
4 17 103 103
4 18 104 104
4 19 105 105
4 20 106 106
4 21 107 107
4 22 108 108
4 23 109 109
4 24 110 110
4 25 111 111
4 26 112 112
4 27 113 113
4 28 114 114
4 29 115 115
4 30 116 116
4 31 117 117
4 32 118 118
5 6 119 119
5 7 120 120
5 8 121 121
5 9 122 122
5 10 123 123
5 11 124 124
5 12 125 125
5 13 126 126
5 14 127 127
5 15 128 128
5 16 129 129
5 17 130 130
5 18 131 131
5 19 132 132
5 20 133 133
5 21 134 134
5 22 135 135
5 23 136 136
5 24 137 137
5 25 138 138
5 26 139 139
5 27 140 140
5 28 141 141
5 29 142 142
5 30 143 143
5 31 144 144
5 32 145 145
6 7 146 146
6 8 147 147
6 9 148 148
6 10 149 149
6 11 150 150
6 12 151 151
6 13 152 152
6 14 153 153
6 15 154 154
6 16 155 155
6 17 156 156
6 18 157 157
6 19 158 158
6 20 159 159
6 21 160 160
6 22 161 161
6 23 162 162
6 24 163 163
6 25 164 164
6 26 165 165
6 27 166 166
6 28 167 167
6 29 168 168
6 30 169 169
6 31 170 170
6 32 171 171
7 8 172 172
7 9 173 173
7 10 174 174
7 11 175 175
7 12 176 176
7 13 177 177
7 14 178 178
7 15 179 179
7 16 180 180
7 17 181 181
7 18 182 182
7 19 183 183
7 20 184 184
7 21 185 185
7 22 186 186
7 23 187 187
7 24 188 188
7 25 189 189
7 26 190 190
7 27 191 191
7 28 192 192
7 29 193 193
7 30 194 194
7 31 195 195
7 32 196 196
8 9 197 197
8 10 198 198
8 11 199 199
8 12 200 200
8 13 201 201
8 14 202 202
8 15 203 203
8 16 204 204
8 17 205 205
8 18 206 206
8 19 207 207
8 20 208 208
8 21 209 209
8 22 210 210
8 23 211 211
8 24 212 212
8 25 213 213
8 26 214 214
8 27 215 215
8 28 216 216
8 29 217 217
8 30 218 218
8 31 219 219
8 32 220 220
9 10 221 221
9 11 222 222
9 12 223 223
9 13 224 224
9 14 225 225
9 15 226 226
9 16 227 227
9 17 228 228
9 18 229 229
9 19 230 230
9 20 231 231
9 21 232 232
9 22 233 233
9 23 234 234
9 24 235 235
9 25 236 236
9 26 237 237
9 27 238 238
9 28 239 239
9 29 240 240
9 30 241 241
9 31 242 242
9 32 243 243
10 11 244 244
10 12 245 245
10 13 246 246
10 14 247 247
10 15 248 248
10 16 249 249
10 17 250 250
10 18 251 251
10 19 252 252
10 20 253 253
10 21 254 254
10 22 255 255
10 23 256 256
10 24 257 257
10 25 258 258
10 26 259 259
10 27 260 260
10 28 261 261
10 29 262 262
10 30 263 263
10 31 264 264
10 32 265 265
11 12 266 266
11 13 267 267
11 14 268 268
11 15 269 269
11 16 270 270
11 17 271 271
11 18 272 272
11 19 273 273
11 20 274 274
11 21 275 275
11 22 276 276
11 23 277 277
11 24 278 278
11 25 279 279
11 26 280 280
11 27 281 281
11 28 282 282
11 29 283 283
11 30 284 284
11 31 285 285
11 32 286 286
12 13 287 287
12 14 288 288
12 15 289 289
12 16 290 290
12 17 291 291
12 18 292 292
12 19 293 293
12 20 294 294
12 21 295 295
12 22 296 296
12 23 297 297
12 24 298 298
12 25 299 299
12 26 300 300
12 27 301 301
12 28 302 302
12 29 303 303
12 30 304 304
12 31 305 305
12 32 306 306
13 14 307 307
13 15 308 308
13 16 309 309
13 17 310 310
13 18 311 311
13 19 312 312
13 20 313 313
13 21 314 314
13 22 315 315
13 23 316 316
13 24 317 317
13 25 318 318
13 26 319 319
13 27 320 320
13 28 321 321
13 29 322 322
13 30 323 323
13 31 324 324
13 32 325 325
14 15 326 326
14 16 327 327
14 17 328 328
14 18 329 329
14 19 330 330
14 20 331 331
14 21 332 332
14 22 333 333
14 23 334 334
14 24 335 335
14 25 336 336
14 26 337 337
14 27 338 338
14 28 339 339
14 29 340 340
14 30 341 341
14 31 342 342
14 32 343 343
15 16 344 344
15 17 345 345
15 18 346 346
15 19 347 347
15 20 348 348
15 21 349 349
15 22 350 350
15 23 351 351
15 24 352 352
15 25 353 353
15 26 354 354
15 27 355 355
15 28 356 356
15 29 357 357
15 30 358 358
15 31 359 359
15 32 360 360
16 17 361 361
16 18 362 362
16 19 363 363
16 20 364 364
16 21 365 365
16 22 366 366
16 23 367 367
16 24 368 368
16 25 369 369
16 26 370 370
16 27 371 371
16 28 372 372
16 29 373 373
16 30 374 374
16 31 375 375
16 32 376 376
17 18 377 377
17 19 378 378
17 20 379 379
17 21 380 380
17 22 381 381
17 23 382 382
17 24 383 383
17 25 384 384
17 26 385 385
17 27 386 386
17 28 387 387
17 29 388 388
17 30 389 389
17 31 390 390
17 32 391 391
18 19 392 392
18 20 393 393
18 21 394 394
18 22 395 395
18 23 396 396
18 24 397 397
18 25 398 398
18 26 399 399
18 27 400 400
18 28 401 401
18 29 402 402
18 30 403 403
18 31 404 404
18 32 405 405
19 20 406 406
19 21 407 407
19 22 408 408
19 23 409 409
19 24 410 410
19 25 411 411
19 26 412 412
19 27 413 413
19 28 414 414
19 29 415 415
19 30 416 416
19 31 417 417
19 32 418 418
20 21 419 419
20 22 420 420
20 23 421 421
20 24 422 422
20 25 423 423
20 26 424 424
20 27 425 425
20 28 426 426
20 29 427 427
20 30 428 428
20 31 429 429
20 32 430 430
21 22 431 431
21 23 432 432
21 24 433 433
21 25 434 434
21 26 435 435
21 27 436 436
21 28 437 437
21 29 438 438
21 30 439 439
21 31 440 440
21 32 441 441
22 23 442 442
22 24 443 443
22 25 444 444
22 26 445 445
22 27 446 446
22 28 447 447
22 29 448 448
22 30 449 449
22 31 450 450
22 32 451 451
23 24 452 452
23 25 453 453
23 26 454 454
23 27 455 455
23 28 456 456
23 29 457 457
23 30 458 458
23 31 459 459
23 32 460 460
24 25 461 461
24 26 462 462
24 27 463 463
24 28 464 464
24 29 465 465
24 30 466 466
24 31 467 467
24 32 468 468
25 26 469 469
25 27 470 470
25 28 471 471
25 29 472 472
25 30 473 473
25 31 474 474
25 32 475 475
26 27 476 476
26 28 477 477
26 29 478 478
26 30 479 479
26 31 480 480
26 32 481 481
27 28 482 482
27 29 483 483
27 30 484 484
27 31 485 485
27 32 486 486
28 29 487 487
28 30 488 488
28 31 489 489
28 32 490 490
29 30 491 491
29 31 492 492
29 32 493 493
30 31 494 494
30 32 495 495
31 32 496 496
