1 2 1 1
1 3 2 2
1 4 3 3
1 5 4 4
1 6 5 5
1 7 6 6
1 8 7 7
1 9 8 8
1 10 9 9
1 11 10 10
1 12 11 11
1 13 12 12
1 14 13 13
1 15 14 14
1 16 15 15
1 17 16 16
1 18 17 17
1 19 18 18
1 20 19 19
1 21 20 20
1 22 21 21
2 3 22 22
2 4 23 23
2 5 24 24
2 6 25 25
2 7 26 26
2 8 27 27
2 9 28 28
2 10 29 29
2 11 30 30
2 12 31 31
2 13 32 32
2 14 33 33
2 15 34 34
2 16 35 35
2 17 36 36
2 18 37 37
2 19 38 38
2 20 39 39
2 21 40 40
2 22 41 41
3 4 42 42
3 5 43 43
3 6 44 44
3 7 45 45
3 8 46 46
3 9 47 47
3 10 48 48
3 11 49 49
3 12 50 50
3 13 51 51
3 14 52 52
3 15 53 53
3 16 54 54
3 17 55 55
3 18 56 56
3 19 57 57
3 20 58 58
3 21 59 59
3 22 60 60
4 5 61 61
4 6 62 62
4 7 63 63
4 8 64 64
4 9 65 65
4 10 66 66
4 11 67 67
4 12 68 68
4 13 69 69
4 14 70 70
4 15 71 71
4 16 72 72
4 17 73 73
4 18 74 74
4 19 75 75
4 20 76 76
4 21 77 77
4 22 78 78
5 6 79 79
5 7 80 80
5 8 81 81
5 9 82 82
5 10 83 83
5 11 84 84
5 12 85 85
5 13 86 86
5 14 87 87
5 15 88 88
5 16 89 89
5 17 90 90
5 18 91 91
5 19 92 92
5 20 93 93
5 21 94 94
5 22 95 95
6 7 96 96
6 8 97 97
6 9 98 98
6 10 99 99
6 11 100 100
6 12 101 101
6 13 102 102
6 14 103 103
6 15 104 104
6 16 105 105
6 17 106 106
6 18 107 107
6 19 108 108
6 20 109 109
6 21 110 110
6 22 111 111
7 8 112 112
7 9 113 113
7 10 114 114
7 11 115 115
7 12 116 116
7 13 117 117
7 14 118 118
7 15 119 119
7 16 120 120
7 17 121 121
7 18 122 122
7 19 123 123
7 20 124 124
7 21 125 125
7 22 126 126
8 9 127 127
8 10 128 128
8 11 129 129
8 12 130 130
8 13 131 131
8 14 132 132
8 15 133 133
8 16 134 134
8 17 135 135
8 18 136 136
8 19 137 137
8 20 138 138
8 21 139 139
8 22 140 140
9 10 141 141
9 11 142 142
9 12 143 143
9 13 144 144
9 14 145 145
9 15 146 146
9 16 147 147
9 17 148 148
9 18 149 149
9 19 150 150
9 20 151 151
9 21 152 152
9 22 153 153
10 11 154 154
10 12 155 155
10 13 156 156
10 14 157 157
10 15 158 158
10 16 159 159
10 17 160 160
10 18 161 161
10 19 162 162
10 20 163 163
10 21 164 164
10 22 165 165
11 12 166 166
11 13 167 167
11 14 168 168
11 15 169 169
11 16 170 170
11 17 171 171
11 18 172 172
11 19 173 173
11 20 174 174
11 21 175 175
11 22 176 176
12 13 177 177
12 14 178 178
12 15 179 179
12 16 180 180
12 17 181 181
12 18 182 182
12 19 183 183
12 20 184 184
12 21 185 185
12 22 186 186
13 14 187 187
13 15 188 188
13 16 189 189
13 17 190 190
13 18 191 191
13 19 192 192
13 20 193 193
13 21 194 194
13 22 195 195
14 15 196 196
14 16 197 197
14 17 198 198
14 18 199 199
14 19 200 200
14 20 201 201
14 21 202 202
14 22 203 203
15 16 204 204
15 17 205 205
15 18 206 206
15 19 207 207
15 20 208 208
15 21 209 209
15 22 210 210
16 17 211 211
16 18 212 212
16 19 213 213
16 20 214 214
16 21 215 215
16 22 216 216
17 18 217 217
17 19 218 218
17 20 219 219
17 21 220 220
17 22 221 221
18 19 222 222
18 20 223 223
18 21 224 224
18 22 225 225
19 20 226 226
19 21 227 227
19 22 228 228
20 21 229 229
20 22 230 230
21 22 231 231
