1 2 1 1
1 3 2 2
1 4 3 3
1 5 4 4
1 6 5 5
1 7 6 6
1 8 7 7
1 9 8 8
1 10 9 9
1 11 10 10
1 12 11 11
1 13 12 12
1 14 13 13
1 15 14 14
1 16 15 15
1 17 16 16
1 18 17 17
1 19 18 18
1 20 19 19
1 21 20 20
1 22 21 21
1 23 22 22
1 24 23 23
1 25 24 24
1 26 25 25
1 27 26 26
1 28 27 27
1 29 28 28
1 30 29 29
1 31 30 30
1 32 31 31
1 33 32 32
1 34 33 33
1 35 34 34
2 3 35 35
2 4 36 36
2 5 37 37
2 6 38 38
2 7 39 39
2 8 40 40
2 9 41 41
2 10 42 42
2 11 43 43
2 12 44 44
2 13 45 45
2 14 46 46
2 15 47 47
2 16 48 48
2 17 49 49
2 18 50 50
2 19 51 51
2 20 52 52
2 21 53 53
2 22 54 54
2 23 55 55
2 24 56 56
2 25 57 57
2 26 58 58
2 27 59 59
2 28 60 60
2 29 61 61
2 30 62 62
2 31 63 63
2 32 64 64
2 33 65 65
2 34 66 66
2 35 67 67
3 4 68 68
3 5 69 69
3 6 70 70
3 7 71 71
3 8 72 72
3 9 73 73
3 10 74 74
3 11 75 75
3 12 76 76
3 13 77 77
3 14 78 78
3 15 79 79
3 16 80 80
3 17 81 81
3 18 82 82
3 19 83 83
3 20 84 84
3 21 85 85
3 22 86 86
3 23 87 87
3 24 88 88
3 25 89 89
3 26 90 90
3 27 91 91
3 28 92 92
3 29 93 93
3 30 94 94
3 31 95 95
3 32 96 96
3 33 97 97
3 34 98 98
3 35 99 99
4 5 100 100
4 6 101 101
4 7 102 102
4 8 103 103
4 9 104 104
4 10 105 105
4 11 106 106
4 12 107 107
4 13 108 108
4 14 109 109
4 15 110 110
4 16 111 111
4 17 112 112
4 18 113 113
4 19 114 114
4 20 115 115
4 21 116 116
4 22 117 117
4 23 118 118
4 24 119 119
4 25 120 120
4 26 121 121
4 27 122 122
4 28 123 123
4 29 124 124
4 30 125 125
4 31 126 126
4 32 127 127
4 33 128 128
4 34 129 129
4 35 130 130
5 6 131 131
5 7 132 132
5 8 133 133
5 9 134 134
5 10 135 135
5 11 136 136
5 12 137 137
5 13 138 138
5 14 139 139
5 15 140 140
5 16 141 141
5 17 142 142
5 18 143 143
5 19 144 144
5 20 145 145
5 21 146 146
5 22 147 147
5 23 148 148
5 24 149 149
5 25 150 150
5 26 151 151
5 27 152 152
5 28 153 153
5 29 154 154
5 30 155 155
5 31 156 156
5 32 157 157
5 33 158 158
5 34 159 159
5 35 160 160
6 7 161 161
6 8 162 162
6 9 163 163
6 10 164 164
6 11 165 165
6 12 166 166
6 13 167 167
6 14 168 168
6 15 169 169
6 16 170 170
6 17 171 171
6 18 172 172
6 19 173 173
6 20 174 174
6 21 175 175
6 22 176 176
6 23 177 177
6 24 178 178
6 25 179 179
6 26 180 180
6 27 181 181
6 28 182 182
6 29 183 183
6 30 184 184
6 31 185 185
6 32 186 186
6 33 187 187
6 34 188 188
6 35 189 189
7 8 190 190
7 9 191 191
7 10 192 192
7 11 193 193
7 12 194 194
7 13 195 195
7 14 196 196
7 15 197 197
7 16 198 198
7 17 199 199
7 18 200 200
7 19 201 201
7 20 202 202
7 21 203 203
7 22 204 204
7 23 205 205
7 24 206 206
7 25 207 207
7 26 208 208
7 27 209 209
7 28 210 210
7 29 211 211
7 30 212 212
7 31 213 213
7 32 214 214
7 33 215 215
7 34 216 216
7 35 217 217
8 9 218 218
8 10 219 219
8 11 220 220
8 12 221 221
8 13 222 222
8 14 223 223
8 15 224 224
8 16 225 225
8 17 226 226
8 18 227 227
8 19 228 228
8 20 229 229
8 21 230 230
8 22 231 231
8 23 232 232
8 24 233 233
8 25 234 234
8 26 235 235
8 27 236 236
8 28 237 237
8 29 238 238
8 30 239 239
8 31 240 240
8 32 241 241
8 33 242 242
8 34 243 243
8 35 244 244
9 10 245 245
9 11 246 246
9 12 247 247
9 13 248 248
9 14 249 249
9 15 250 250
9 16 251 251
9 17 252 252
9 18 253 253
9 19 254 254
9 20 255 255
9 21 256 256
9 22 257 257
9 23 258 258
9 24 259 259
9 25 260 260
9 26 261 261
9 27 262 262
9 28 263 263
9 29 264 264
9 30 265 265
9 31 266 266
9 32 267 267
9 33 268 268
9 34 269 269
9 35 270 270
10 11 271 271
10 12 272 272
10 13 273 273
10 14 274 274
10 15 275 275
10 16 276 276
10 17 277 277
10 18 278 278
10 19 279 279
10 20 280 280
10 21 281 281
10 22 282 282
10 23 283 283
10 24 284 284
10 25 285 285
10 26 286 286
10 27 287 287
10 28 288 288
10 29 289 289
10 30 290 290
10 31 291 291
10 32 292 292
10 33 293 293
10 34 294 294
10 35 295 295
11 12 296 296
11 13 297 297
11 14 298 298
11 15 299 299
11 16 300 300
11 17 301 301
11 18 302 302
11 19 303 303
11 20 304 304
11 21 305 305
11 22 306 306
11 23 307 307
11 24 308 308
11 25 309 309
11 26 310 310
11 27 311 311
11 28 312 312
11 29 313 313
11 30 314 314
11 31 315 315
11 32 316 316
11 33 317 317
11 34 318 318
11 35 319 319
12 13 320 320
12 14 321 321
12 15 322 322
12 16 323 323
12 17 324 324
12 18 325 325
12 19 326 326
12 20 327 327
12 21 328 328
12 22 329 329
12 23 330 330
12 24 331 331
12 25 332 332
12 26 333 333
12 27 334 334
12 28 335 335
12 29 336 336
12 30 337 337
12 31 338 338
12 32 339 339
12 33 340 340
12 34 341 341
12 35 342 342
13 14 343 343
13 15 344 344
13 16 345 345
13 17 346 346
13 18 347 347
13 19 348 348
13 20 349 349
13 21 350 350
13 22 351 351
13 23 352 352
13 24 353 353
13 25 354 354
13 26 355 355
13 27 356 356
13 28 357 357
13 29 358 358
13 30 359 359
13 31 360 360
13 32 361 361
13 33 362 362
13 34 363 363
13 35 364 364
14 15 365 365
14 16 366 366
14 17 367 367
14 18 368 368
14 19 369 369
14 20 370 370
14 21 371 371
14 22 372 372
14 23 373 373
14 24 374 374
14 25 375 375
14 26 376 376
14 27 377 377
14 28 378 378
14 29 379 379
14 30 380 380
14 31 381 381
14 32 382 382
14 33 383 383
14 34 384 384
14 35 385 385
15 16 386 386
15 17 387 387
15 18 388 388
15 19 389 389
15 20 390 390
15 21 391 391
15 22 392 392
15 23 393 393
15 24 394 394
15 25 395 395
15 26 396 396
15 27 397 397
15 28 398 398
15 29 399 399
15 30 400 400
15 31 401 401
15 32 402 402
15 33 403 403
15 34 404 404
15 35 405 405
16 17 406 406
16 18 407 407
16 19 408 408
16 20 409 409
16 21 410 410
16 22 411 411
16 23 412 412
16 24 413 413
16 25 414 414
16 26 415 415
16 27 416 416
16 28 417 417
16 29 418 418
16 30 419 419
16 31 420 420
16 32 421 421
16 33 422 422
16 34 423 423
16 35 424 424
17 18 425 425
17 19 426 426
17 20 427 427
17 21 428 428
17 22 429 429
17 23 430 430
17 24 431 431
17 25 432 432
17 26 433 433
17 27 434 434
17 28 435 435
17 29 436 436
17 30 437 437
17 31 438 438
17 32 439 439
17 33 440 440
17 34 441 441
17 35 442 442
18 19 443 443
18 20 444 444
18 21 445 445
18 22 446 446
18 23 447 447
18 24 448 448
18 25 449 449
18 26 450 450
18 27 451 451
18 28 452 452
18 29 453 453
18 30 454 454
18 31 455 455
18 32 456 456
18 33 457 457
18 34 458 458
18 35 459 459
19 20 460 460
19 21 461 461
19 22 462 462
19 23 463 463
19 24 464 464
19 25 465 465
19 26 466 466
19 27 467 467
19 28 468 468
19 29 469 469
19 30 470 470
19 31 471 471
19 32 472 472
19 33 473 473
19 34 474 474
19 35 475 475
20 21 476 476
20 22 477 477
20 23 478 478
20 24 479 479
20 25 480 480
20 26 481 481
20 27 482 482
20 28 483 483
20 29 484 484
20 30 485 485
20 31 486 486
20 32 487 487
20 33 488 488
20 34 489 489
20 35 490 490
21 22 491 491
21 23 492 492
21 24 493 493
21 25 494 494
21 26 495 495
21 27 496 496
21 28 497 497
21 29 498 498
21 30 499 499
21 31 500 500
21 32 501 501
21 33 502 502
21 34 503 503
21 35 504 504
22 23 505 505
22 24 506 506
22 25 507 507
22 26 508 508
22 27 509 509
22 28 510 510
22 29 511 511
22 30 512 512
22 31 513 513
22 32 514 514
22 33 515 515
22 34 516 516
22 35 517 517
23 24 518 518
23 25 519 519
23 26 520 520
23 27 521 521
23 28 522 522
23 29 523 523
23 30 524 524
23 31 525 525
23 32 526 526
23 33 527 527
23 34 528 528
23 35 529 529
24 25 530 530
24 26 531 531
24 27 532 532
24 28 533 533
24 29 534 534
24 30 535 535
24 31 536 536
24 32 537 537
24 33 538 538
24 34 539 539
24 35 540 540
25 26 541 541
25 27 542 542
25 28 543 543
25 29 544 544
25 30 545 545
25 31 546 546
25 32 547 547
25 33 548 548
25 34 549 549
25 35 550 550
26 27 551 551
26 28 552 552
26 29 553 553
26 30 554 554
26 31 555 555
26 32 556 556
26 33 557 557
26 34 558 558
26 35 559 559
27 28 560 560
27 29 561 561
27 30 562 562
27 31 563 563
27 32 564 564
27 33 565 565
27 34 566 566
27 35 567 567
28 29 568 568
28 30 569 569
28 31 570 570
28 32 571 571
28 33 572 572
28 34 573 573
28 35 574 574
29 30 575 575
29 31 576 576
29 32 577 577
29 33 578 578
29 34 579 579
29 35 580 580
30 31 581 581
30 32 582 582
30 33 583 583
30 34 584 584
30 35 585 585
31 32 586 586
31 33 587 587
31 34 588 588
31 35 589 589
32 33 590 590
32 34 591 591
32 35 592 592
33 34 593 593
33 35 594 594
34 35 595 595
