1 2 1 1
1 3 2 2
1 4 3 3
1 5 4 4
1 6 5 5
1 7 6 6
1 8 7 7
1 9 8 8
1 10 9 9
1 11 10 10
1 12 11 11
1 13 12 12
1 14 13 13
1 15 14 14
1 16 15 15
1 17 16 16
1 18 17 17
1 19 18 18
2 3 19 19
2 4 20 20
2 5 21 21
2 6 22 22
2 7 23 23
2 8 24 24
2 9 25 25
2 10 26 26
2 11 27 27
2 12 28 28
2 13 29 29
2 14 30 30
2 15 31 31
2 16 32 32
2 17 33 33
2 18 34 34
2 19 35 35
3 4 36 36
3 5 37 37
3 6 38 38
3 7 39 39
3 8 40 40
3 9 41 41
3 10 42 42
3 11 43 43
3 12 44 44
3 13 45 45
3 14 46 46
3 15 47 47
3 16 48 48
3 17 49 49
3 18 50 50
3 19 51 51
4 5 52 52
4 6 53 53
4 7 54 54
4 8 55 55
4 9 56 56
4 10 57 57
4 11 58 58
4 12 59 59
4 13 60 60
4 14 61 61
4 15 62 62
4 16 63 63
4 17 64 64
4 18 65 65
4 19 66 66
5 6 67 67
5 7 68 68
5 8 69 69
5 9 70 70
5 10 71 71
5 11 72 72
5 12 73 73
5 13 74 74
5 14 75 75
5 15 76 76
5 16 77 77
5 17 78 78
5 18 79 79
5 19 80 80
6 7 81 81
6 8 82 82
6 9 83 83
6 10 84 84
6 11 85 85
6 12 86 86
6 13 87 87
6 14 88 88
6 15 89 89
6 16 90 90
6 17 91 91
6 18 92 92
6 19 93 93
7 8 94 94
7 9 95 95
7 10 96 96
7 11 97 97
7 12 98 98
7 13 99 99
7 14 100 100
7 15 101 101
7 16 102 102
7 17 103 103
7 18 104 104
7 19 105 105
8 9 106 106
8 10 107 107
8 11 108 108
8 12 109 109
8 13 110 110
8 14 111 111
8 15 112 112
8 16 113 113
8 17 114 114
8 18 115 115
8 19 116 116
9 10 117 117
9 11 118 118
9 12 119 119
9 13 120 120
9 14 121 121
9 15 122 122
9 16 123 123
9 17 124 124
9 18 125 125
9 19 126 126
10 11 127 127
10 12 128 128
10 13 129 129
10 14 130 130
10 15 131 131
10 16 132 132
10 17 133 133
10 18 134 134
10 19 135 135
11 12 136 136
11 13 137 137
11 14 138 138
11 15 139 139
11 16 140 140
11 17 141 141
11 18 142 142
11 19 143 143
12 13 144 144
12 14 145 145
12 15 146 146
12 16 147 147
12 17 148 148
12 18 149 149
12 19 150 150
13 14 151 151
13 15 152 152
13 16 153 153
13 17 154 154
13 18 155 155
13 19 156 156
14 15 157 157
14 16 158 158
14 17 159 159
14 18 160 160
14 19 161 161
15 16 162 162
15 17 163 163
15 18 164 164
15 19 165 165
16 17 166 166
16 18 167 167
16 19 168 168
17 18 169 169
17 19 170 170
18 19 171 171
