1 2 1 1
1 3 2 2
1 4 3 3
1 5 4 4
1 6 5 5
1 7 6 6
1 8 7 7
1 9 8 8
1 10 9 9
1 11 10 10
1 12 11 11
1 13 12 12
1 14 13 13
2 3 14 14
2 4 15 15
2 5 16 16
2 6 17 17
2 7 18 18
2 8 19 19
2 9 20 20
2 10 21 21
2 11 22 22
2 12 23 23
2 13 24 24
2 14 25 25
3 4 26 26
3 5 27 27
3 6 28 28
3 7 29 29
3 8 30 30
3 9 31 31
3 10 32 32
3 11 33 33
3 12 34 34
3 13 35 35
3 14 36 36
4 5 37 37
4 6 38 38
4 7 39 39
4 8 40 40
4 9 41 41
4 10 42 42
4 11 43 43
4 12 44 44
4 13 45 45
4 14 46 46
5 6 47 47
5 7 48 48
5 8 49 49
5 9 50 50
5 10 51 51
5 11 52 52
5 12 53 53
5 13 54 54
5 14 55 55
6 7 56 56
6 8 57 57
6 9 58 58
6 10 59 59
6 11 60 60
6 12 61 61
6 13 62 62
6 14 63 63
7 8 64 64
7 9 65 65
7 10 66 66
7 11 67 67
7 12 68 68
7 13 69 69
7 14 70 70
8 9 71 71
8 10 72 72
8 11 73 73
8 12 74 74
8 13 75 75
8 14 76 76
9 10 77 77
9 11 78 78
9 12 79 79
9 13 80 80
9 14 81 81
10 11 82 82
10 12 83 83
10 13 84 84
10 14 85 85
11 12 86 86
11 13 87 87
11 14 88 88
12 13 89 89
12 14 90 90
13 14 91 91
