1 2 1 1
1 3 2 2
1 4 3 3
1 5 4 4
1 6 5 5
1 7 6 6
1 8 7 7
1 9 8 8
1 10 9 9
1 11 10 10
1 12 11 11
1 13 12 12
1 14 13 13
1 15 14 14
1 16 15 15
1 17 16 16
1 18 17 17
1 19 18 18
1 20 19 19
1 21 20 20
1 22 21 21
1 23 22 22
1 24 23 23
1 25 24 24
1 26 25 25
1 27 26 26
1 28 27 27
1 29 28 28
1 30 29 29
1 31 30 30
1 32 31 31
1 33 32 32
1 34 33 33
1 35 34 34
1 36 35 35
2 3 36 36
2 4 37 37
2 5 38 38
2 6 39 39
2 7 40 40
2 8 41 41
2 9 42 42
2 10 43 43
2 11 44 44
2 12 45 45
2 13 46 46
2 14 47 47
2 15 48 48
2 16 49 49
2 17 50 50
2 18 51 51
2 19 52 52
2 20 53 53
2 21 54 54
2 22 55 55
2 23 56 56
2 24 57 57
2 25 58 58
2 26 59 59
2 27 60 60
2 28 61 61
2 29 62 62
2 30 63 63
2 31 64 64
2 32 65 65
2 33 66 66
2 34 67 67
2 35 68 68
2 36 69 69
3 4 70 70
3 5 71 71
3 6 72 72
3 7 73 73
3 8 74 74
3 9 75 75
3 10 76 76
3 11 77 77
3 12 78 78
3 13 79 79
3 14 80 80
3 15 81 81
3 16 82 82
3 17 83 83
3 18 84 84
3 19 85 85
3 20 86 86
3 21 87 87
3 22 88 88
3 23 89 89
3 24 90 90
3 25 91 91
3 26 92 92
3 27 93 93
3 28 94 94
3 29 95 95
3 30 96 96
3 31 97 97
3 32 98 98
3 33 99 99
3 34 100 100
3 35 101 101
3 36 102 102
4 5 103 103
4 6 104 104
4 7 105 105
4 8 106 106
4 9 107 107
4 10 108 108
4 11 109 109
4 12 110 110
4 13 111 111
4 14 112 112
4 15 113 113
4 16 114 114
4 17 115 115
4 18 116 116
4 19 117 117
4 20 118 118
4 21 119 119
4 22 120 120
4 23 121 121
4 24 122 122
4 25 123 123
4 26 124 124
4 27 125 125
4 28 126 126
4 29 127 127
4 30 128 128
4 31 129 129
4 32 130 130
4 33 131 131
4 34 132 132
4 35 133 133
4 36 134 134
5 6 135 135
5 7 136 136
5 8 137 137
5 9 138 138
5 10 139 139
5 11 140 140
5 12 141 141
5 13 142 142
5 14 143 143
5 15 144 144
5 16 145 145
5 17 146 146
5 18 147 147
5 19 148 148
5 20 149 149
5 21 150 150
5 22 151 151
5 23 152 152
5 24 153 153
5 25 154 154
5 26 155 155
5 27 156 156
5 28 157 157
5 29 158 158
5 30 159 159
5 31 160 160
5 32 161 161
5 33 162 162
5 34 163 163
5 35 164 164
5 36 165 165
6 7 166 166
6 8 167 167
6 9 168 168
6 10 169 169
6 11 170 170
6 12 171 171
6 13 172 172
6 14 173 173
6 15 174 174
6 16 175 175
6 17 176 176
6 18 177 177
6 19 178 178
6 20 179 179
6 21 180 180
6 22 181 181
6 23 182 182
6 24 183 183
6 25 184 184
6 26 185 185
6 27 186 186
6 28 187 187
6 29 188 188
6 30 189 189
6 31 190 190
6 32 191 191
6 33 192 192
6 34 193 193
6 35 194 194
6 36 195 195
7 8 196 196
7 9 197 197
7 10 198 198
7 11 199 199
7 12 200 200
7 13 201 201
7 14 202 202
7 15 203 203
7 16 204 204
7 17 205 205
7 18 206 206
7 19 207 207
7 20 208 208
7 21 209 209
7 22 210 210
7 23 211 211
7 24 212 212
7 25 213 213
7 26 214 214
7 27 215 215
7 28 216 216
7 29 217 217
7 30 218 218
7 31 219 219
7 32 220 220
7 33 221 221
7 34 222 222
7 35 223 223
7 36 224 224
8 9 225 225
8 10 226 226
8 11 227 227
8 12 228 228
8 13 229 229
8 14 230 230
8 15 231 231
8 16 232 232
8 17 233 233
8 18 234 234
8 19 235 235
8 20 236 236
8 21 237 237
8 22 238 238
8 23 239 239
8 24 240 240
8 25 241 241
8 26 242 242
8 27 243 243
8 28 244 244
8 29 245 245
8 30 246 246
8 31 247 247
8 32 248 248
8 33 249 249
8 34 250 250
8 35 251 251
8 36 252 252
9 10 253 253
9 11 254 254
9 12 255 255
9 13 256 256
9 14 257 257
9 15 258 258
9 16 259 259
9 17 260 260
9 18 261 261
9 19 262 262
9 20 263 263
9 21 264 264
9 22 265 265
9 23 266 266
9 24 267 267
9 25 268 268
9 26 269 269
9 27 270 270
9 28 271 271
9 29 272 272
9 30 273 273
9 31 274 274
9 32 275 275
9 33 276 276
9 34 277 277
9 35 278 278
9 36 279 279
10 11 280 280
10 12 281 281
10 13 282 282
10 14 283 283
10 15 284 284
10 16 285 285
10 17 286 286
10 18 287 287
10 19 288 288
10 20 289 289
10 21 290 290
10 22 291 291
10 23 292 292
10 24 293 293
10 25 294 294
10 26 295 295
10 27 296 296
10 28 297 297
10 29 298 298
10 30 299 299
10 31 300 300
10 32 301 301
10 33 302 302
10 34 303 303
10 35 304 304
10 36 305 305
11 12 306 306
11 13 307 307
11 14 308 308
11 15 309 309
11 16 310 310
11 17 311 311
11 18 312 312
11 19 313 313
11 20 314 314
11 21 315 315
11 22 316 316
11 23 317 317
11 24 318 318
11 25 319 319
11 26 320 320
11 27 321 321
11 28 322 322
11 29 323 323
11 30 324 324
11 31 325 325
11 32 326 326
11 33 327 327
11 34 328 328
11 35 329 329
11 36 330 330
12 13 331 331
12 14 332 332
12 15 333 333
12 16 334 334
12 17 335 335
12 18 336 336
12 19 337 337
12 20 338 338
12 21 339 339
12 22 340 340
12 23 341 341
12 24 342 342
12 25 343 343
12 26 344 344
12 27 345 345
12 28 346 346
12 29 347 347
12 30 348 348
12 31 349 349
12 32 350 350
12 33 351 351
12 34 352 352
12 35 353 353
12 36 354 354
13 14 355 355
13 15 356 356
13 16 357 357
13 17 358 358
13 18 359 359
13 19 360 360
13 20 361 361
13 21 362 362
13 22 363 363
13 23 364 364
13 24 365 365
13 25 366 366
13 26 367 367
13 27 368 368
13 28 369 369
13 29 370 370
13 30 371 371
13 31 372 372
13 32 373 373
13 33 374 374
13 34 375 375
13 35 376 376
13 36 377 377
14 15 378 378
14 16 379 379
14 17 380 380
14 18 381 381
14 19 382 382
14 20 383 383
14 21 384 384
14 22 385 385
14 23 386 386
14 24 387 387
14 25 388 388
14 26 389 389
14 27 390 390
14 28 391 391
14 29 392 392
14 30 393 393
14 31 394 394
14 32 395 395
14 33 396 396
14 34 397 397
14 35 398 398
14 36 399 399
15 16 400 400
15 17 401 401
15 18 402 402
15 19 403 403
15 20 404 404
15 21 405 405
15 22 406 406
15 23 407 407
15 24 408 408
15 25 409 409
15 26 410 410
15 27 411 411
15 28 412 412
15 29 413 413
15 30 414 414
15 31 415 415
15 32 416 416
15 33 417 417
15 34 418 418
15 35 419 419
15 36 420 420
16 17 421 421
16 18 422 422
16 19 423 423
16 20 424 424
16 21 425 425
16 22 426 426
16 23 427 427
16 24 428 428
16 25 429 429
16 26 430 430
16 27 431 431
16 28 432 432
16 29 433 433
16 30 434 434
16 31 435 435
16 32 436 436
16 33 437 437
16 34 438 438
16 35 439 439
16 36 440 440
17 18 441 441
17 19 442 442
17 20 443 443
17 21 444 444
17 22 445 445
17 23 446 446
17 24 447 447
17 25 448 448
17 26 449 449
17 27 450 450
17 28 451 451
17 29 452 452
17 30 453 453
17 31 454 454
17 32 455 455
17 33 456 456
17 34 457 457
17 35 458 458
17 36 459 459
18 19 460 460
18 20 461 461
18 21 462 462
18 22 463 463
18 23 464 464
18 24 465 465
18 25 466 466
18 26 467 467
18 27 468 468
18 28 469 469
18 29 470 470
18 30 471 471
18 31 472 472
18 32 473 473
18 33 474 474
18 34 475 475
18 35 476 476
18 36 477 477
19 20 478 478
19 21 479 479
19 22 480 480
19 23 481 481
19 24 482 482
19 25 483 483
19 26 484 484
19 27 485 485
19 28 486 486
19 29 487 487
19 30 488 488
19 31 489 489
19 32 490 490
19 33 491 491
19 34 492 492
19 35 493 493
19 36 494 494
20 21 495 495
20 22 496 496
20 23 497 497
20 24 498 498
20 25 499 499
20 26 500 500
20 27 501 501
20 28 502 502
20 29 503 503
20 30 504 504
20 31 505 505
20 32 506 506
20 33 507 507
20 34 508 508
20 35 509 509
20 36 510 510
21 22 511 511
21 23 512 512
21 24 513 513
21 25 514 514
21 26 515 515
21 27 516 516
21 28 517 517
21 29 518 518
21 30 519 519
21 31 520 520
21 32 521 521
21 33 522 522
21 34 523 523
21 35 524 524
21 36 525 525
22 23 526 526
22 24 527 527
22 25 528 528
22 26 529 529
22 27 530 530
22 28 531 531
22 29 532 532
22 30 533 533
22 31 534 534
22 32 535 535
22 33 536 536
22 34 537 537
22 35 538 538
22 36 539 539
23 24 540 540
23 25 541 541
23 26 542 542
23 27 543 543
23 28 544 544
23 29 545 545
23 30 546 546
23 31 547 547
23 32 548 548
23 33 549 549
23 34 550 550
23 35 551 551
23 36 552 552
24 25 553 553
24 26 554 554
24 27 555 555
24 28 556 556
24 29 557 557
24 30 558 558
24 31 559 559
24 32 560 560
24 33 561 561
24 34 562 562
24 35 563 563
24 36 564 564
25 26 565 565
25 27 566 566
25 28 567 567
25 29 568 568
25 30 569 569
25 31 570 570
25 32 571 571
25 33 572 572
25 34 573 573
25 35 574 574
25 36 575 575
26 27 576 576
26 28 577 577
26 29 578 578
26 30 579 579
26 31 580 580
26 32 581 581
26 33 582 582
26 34 583 583
26 35 584 584
26 36 585 585
27 28 586 586
27 29 587 587
27 30 588 588
27 31 589 589
27 32 590 590
27 33 591 591
27 34 592 592
27 35 593 593
27 36 594 594
28 29 595 595
28 30 596 596
28 31 597 597
28 32 598 598
28 33 599 599
28 34 600 600
28 35 601 601
28 36 602 602
29 30 603 603
29 31 604 604
29 32 605 605
29 33 606 606
29 34 607 607
29 35 608 608
29 36 609 609
30 31 610 610
30 32 611 611
30 33 612 612
30 34 613 613
30 35 614 614
30 36 615 615
31 32 616 616
31 33 617 617
31 34 618 618
31 35 619 619
31 36 620 620
32 33 621 621
32 34 622 622
32 35 623 623
32 36 624 624
33 34 625 625
33 35 626 626
33 36 627 627
34 35 628 628
34 36 629 629
35 36 630 630
