1 2 1 1
1 3 2 2
1 4 3 3
1 5 4 4
1 6 5 5
1 7 6 6
1 8 7 7
1 9 8 8
1 10 9 9
1 11 10 10
1 12 11 11
1 13 12 12
1 14 13 13
1 15 14 14
1 16 15 15
1 17 16 16
1 18 17 17
1 19 18 18
1 20 19 19
1 21 20 20
1 22 21 21
1 23 22 22
1 24 23 23
1 25 24 24
1 26 25 25
1 27 26 26
1 28 27 27
1 29 28 28
1 30 29 29
1 31 30 30
1 32 31 31
1 33 32 32
1 34 33 33
1 35 34 34
1 36 35 35
1 37 36 36
1 38 37 37
1 39 38 38
1 40 39 39
1 41 40 40
1 42 41 41
1 43 42 42
2 3 43 43
2 4 44 44
2 5 45 45
2 6 46 46
2 7 47 47
2 8 48 48
2 9 49 49
2 10 50 50
2 11 51 51
2 12 52 52
2 13 53 53
2 14 54 54
2 15 55 55
2 16 56 56
2 17 57 57
2 18 58 58
2 19 59 59
2 20 60 60
2 21 61 61
2 22 62 62
2 23 63 63
2 24 64 64
2 25 65 65
2 26 66 66
2 27 67 67
2 28 68 68
2 29 69 69
2 30 70 70
2 31 71 71
2 32 72 72
2 33 73 73
2 34 74 74
2 35 75 75
2 36 76 76
2 37 77 77
2 38 78 78
2 39 79 79
2 40 80 80
2 41 81 81
2 42 82 82
2 43 83 83
3 4 84 84
3 5 85 85
3 6 86 86
3 7 87 87
3 8 88 88
3 9 89 89
3 10 90 90
3 11 91 91
3 12 92 92
3 13 93 93
3 14 94 94
3 15 95 95
3 16 96 96
3 17 97 97
3 18 98 98
3 19 99 99
3 20 100 100
3 21 101 101
3 22 102 102
3 23 103 103
3 24 104 104
3 25 105 105
3 26 106 106
3 27 107 107
3 28 108 108
3 29 109 109
3 30 110 110
3 31 111 111
3 32 112 112
3 33 113 113
3 34 114 114
3 35 115 115
3 36 116 116
3 37 117 117
3 38 118 118
3 39 119 119
3 40 120 120
3 41 121 121
3 42 122 122
3 43 123 123
4 5 124 124
4 6 125 125
4 7 126 126
4 8 127 127
4 9 128 128
4 10 129 129
4 11 130 130
4 12 131 131
4 13 132 132
4 14 133 133
4 15 134 134
4 16 135 135
4 17 136 136
4 18 137 137
4 19 138 138
4 20 139 139
4 21 140 140
4 22 141 141
4 23 142 142
4 24 143 143
4 25 144 144
4 26 145 145
4 27 146 146
4 28 147 147
4 29 148 148
4 30 149 149
4 31 150 150
4 32 151 151
4 33 152 152
4 34 153 153
4 35 154 154
4 36 155 155
4 37 156 156
4 38 157 157
4 39 158 158
4 40 159 159
4 41 160 160
4 42 161 161
4 43 162 162
5 6 163 163
5 7 164 164
5 8 165 165
5 9 166 166
5 10 167 167
5 11 168 168
5 12 169 169
5 13 170 170
5 14 171 171
5 15 172 172
5 16 173 173
5 17 174 174
5 18 175 175
5 19 176 176
5 20 177 177
5 21 178 178
5 22 179 179
5 23 180 180
5 24 181 181
5 25 182 182
5 26 183 183
5 27 184 184
5 28 185 185
5 29 186 186
5 30 187 187
5 31 188 188
5 32 189 189
5 33 190 190
5 34 191 191
5 35 192 192
5 36 193 193
5 37 194 194
5 38 195 195
5 39 196 196
5 40 197 197
5 41 198 198
5 42 199 199
5 43 200 200
6 7 201 201
6 8 202 202
6 9 203 203
6 10 204 204
6 11 205 205
6 12 206 206
6 13 207 207
6 14 208 208
6 15 209 209
6 16 210 210
6 17 211 211
6 18 212 212
6 19 213 213
6 20 214 214
6 21 215 215
6 22 216 216
6 23 217 217
6 24 218 218
6 25 219 219
6 26 220 220
6 27 221 221
6 28 222 222
6 29 223 223
6 30 224 224
6 31 225 225
6 32 226 226
6 33 227 227
6 34 228 228
6 35 229 229
6 36 230 230
6 37 231 231
6 38 232 232
6 39 233 233
6 40 234 234
6 41 235 235
6 42 236 236
6 43 237 237
7 8 238 238
7 9 239 239
7 10 240 240
7 11 241 241
7 12 242 242
7 13 243 243
7 14 244 244
7 15 245 245
7 16 246 246
7 17 247 247
7 18 248 248
7 19 249 249
7 20 250 250
7 21 251 251
7 22 252 252
7 23 253 253
7 24 254 254
7 25 255 255
7 26 256 256
7 27 257 257
7 28 258 258
7 29 259 259
7 30 260 260
7 31 261 261
7 32 262 262
7 33 263 263
7 34 264 264
7 35 265 265
7 36 266 266
7 37 267 267
7 38 268 268
7 39 269 269
7 40 270 270
7 41 271 271
7 42 272 272
7 43 273 273
8 9 274 274
8 10 275 275
8 11 276 276
8 12 277 277
8 13 278 278
8 14 279 279
8 15 280 280
8 16 281 281
8 17 282 282
8 18 283 283
8 19 284 284
8 20 285 285
8 21 286 286
8 22 287 287
8 23 288 288
8 24 289 289
8 25 290 290
8 26 291 291
8 27 292 292
8 28 293 293
8 29 294 294
8 30 295 295
8 31 296 296
8 32 297 297
8 33 298 298
8 34 299 299
8 35 300 300
8 36 301 301
8 37 302 302
8 38 303 303
8 39 304 304
8 40 305 305
8 41 306 306
8 42 307 307
8 43 308 308
9 10 309 309
9 11 310 310
9 12 311 311
9 13 312 312
9 14 313 313
9 15 314 314
9 16 315 315
9 17 316 316
9 18 317 317
9 19 318 318
9 20 319 319
9 21 320 320
9 22 321 321
9 23 322 322
9 24 323 323
9 25 324 324
9 26 325 325
9 27 326 326
9 28 327 327
9 29 328 328
9 30 329 329
9 31 330 330
9 32 331 331
9 33 332 332
9 34 333 333
9 35 334 334
9 36 335 335
9 37 336 336
9 38 337 337
9 39 338 338
9 40 339 339
9 41 340 340
9 42 341 341
9 43 342 342
10 11 343 343
10 12 344 344
10 13 345 345
10 14 346 346
10 15 347 347
10 16 348 348
10 17 349 349
10 18 350 350
10 19 351 351
10 20 352 352
10 21 353 353
10 22 354 354
10 23 355 355
10 24 356 356
10 25 357 357
10 26 358 358
10 27 359 359
10 28 360 360
10 29 361 361
10 30 362 362
10 31 363 363
10 32 364 364
10 33 365 365
10 34 366 366
10 35 367 367
10 36 368 368
10 37 369 369
10 38 370 370
10 39 371 371
10 40 372 372
10 41 373 373
10 42 374 374
10 43 375 375
11 12 376 376
11 13 377 377
11 14 378 378
11 15 379 379
11 16 380 380
11 17 381 381
11 18 382 382
11 19 383 383
11 20 384 384
11 21 385 385
11 22 386 386
11 23 387 387
11 24 388 388
11 25 389 389
11 26 390 390
11 27 391 391
11 28 392 392
11 29 393 393
11 30 394 394
11 31 395 395
11 32 396 396
11 33 397 397
11 34 398 398
11 35 399 399
11 36 400 400
11 37 401 401
11 38 402 402
11 39 403 403
11 40 404 404
11 41 405 405
11 42 406 406
11 43 407 407
12 13 408 408
12 14 409 409
12 15 410 410
12 16 411 411
12 17 412 412
12 18 413 413
12 19 414 414
12 20 415 415
12 21 416 416
12 22 417 417
12 23 418 418
12 24 419 419
12 25 420 420
12 26 421 421
12 27 422 422
12 28 423 423
12 29 424 424
12 30 425 425
12 31 426 426
12 32 427 427
12 33 428 428
12 34 429 429
12 35 430 430
12 36 431 431
12 37 432 432
12 38 433 433
12 39 434 434
12 40 435 435
12 41 436 436
12 42 437 437
12 43 438 438
13 14 439 439
13 15 440 440
13 16 441 441
13 17 442 442
13 18 443 443
13 19 444 444
13 20 445 445
13 21 446 446
13 22 447 447
13 23 448 448
13 24 449 449
13 25 450 450
13 26 451 451
13 27 452 452
13 28 453 453
13 29 454 454
13 30 455 455
13 31 456 456
13 32 457 457
13 33 458 458
13 34 459 459
13 35 460 460
13 36 461 461
13 37 462 462
13 38 463 463
13 39 464 464
13 40 465 465
13 41 466 466
13 42 467 467
13 43 468 468
14 15 469 469
14 16 470 470
14 17 471 471
14 18 472 472
14 19 473 473
14 20 474 474
14 21 475 475
14 22 476 476
14 23 477 477
14 24 478 478
14 25 479 479
14 26 480 480
14 27 481 481
14 28 482 482
14 29 483 483
14 30 484 484
14 31 485 485
14 32 486 486
14 33 487 487
14 34 488 488
14 35 489 489
14 36 490 490
14 37 491 491
14 38 492 492
14 39 493 493
14 40 494 494
14 41 495 495
14 42 496 496
14 43 497 497
15 16 498 498
15 17 499 499
15 18 500 500
15 19 501 501
15 20 502 502
15 21 503 503
15 22 504 504
15 23 505 505
15 24 506 506
15 25 507 507
15 26 508 508
15 27 509 509
15 28 510 510
15 29 511 511
15 30 512 512
15 31 513 513
15 32 514 514
15 33 515 515
15 34 516 516
15 35 517 517
15 36 518 518
15 37 519 519
15 38 520 520
15 39 521 521
15 40 522 522
15 41 523 523
15 42 524 524
15 43 525 525
16 17 526 526
16 18 527 527
16 19 528 528
16 20 529 529
16 21 530 530
16 22 531 531
16 23 532 532
16 24 533 533
16 25 534 534
16 26 535 535
16 27 536 536
16 28 537 537
16 29 538 538
16 30 539 539
16 31 540 540
16 32 541 541
16 33 542 542
16 34 543 543
16 35 544 544
16 36 545 545
16 37 546 546
16 38 547 547
16 39 548 548
16 40 549 549
16 41 550 550
16 42 551 551
16 43 552 552
17 18 553 553
17 19 554 554
17 20 555 555
17 21 556 556
17 22 557 557
17 23 558 558
17 24 559 559
17 25 560 560
17 26 561 561
17 27 562 562
17 28 563 563
17 29 564 564
17 30 565 565
17 31 566 566
17 32 567 567
17 33 568 568
17 34 569 569
17 35 570 570
17 36 571 571
17 37 572 572
17 38 573 573
17 39 574 574
17 40 575 575
17 41 576 576
17 42 577 577
17 43 578 578
18 19 579 579
18 20 580 580
18 21 581 581
18 22 582 582
18 23 583 583
18 24 584 584
18 25 585 585
18 26 586 586
18 27 587 587
18 28 588 588
18 29 589 589
18 30 590 590
18 31 591 591
18 32 592 592
18 33 593 593
18 34 594 594
18 35 595 595
18 36 596 596
18 37 597 597
18 38 598 598
18 39 599 599
18 40 600 600
18 41 601 601
18 42 602 602
18 43 603 603
19 20 604 604
19 21 605 605
19 22 606 606
19 23 607 607
19 24 608 608
19 25 609 609
19 26 610 610
19 27 611 611
19 28 612 612
19 29 613 613
19 30 614 614
19 31 615 615
19 32 616 616
19 33 617 617
19 34 618 618
19 35 619 619
19 36 620 620
19 37 621 621
19 38 622 622
19 39 623 623
19 40 624 624
19 41 625 625
19 42 626 626
19 43 627 627
20 21 628 628
20 22 629 629
20 23 630 630
20 24 631 631
20 25 632 632
20 26 633 633
20 27 634 634
20 28 635 635
20 29 636 636
20 30 637 637
20 31 638 638
20 32 639 639
20 33 640 640
20 34 641 641
20 35 642 642
20 36 643 643
20 37 644 644
20 38 645 645
20 39 646 646
20 40 647 647
20 41 648 648
20 42 649 649
20 43 650 650
21 22 651 651
21 23 652 652
21 24 653 653
21 25 654 654
21 26 655 655
21 27 656 656
21 28 657 657
21 29 658 658
21 30 659 659
21 31 660 660
21 32 661 661
21 33 662 662
21 34 663 663
21 35 664 664
21 36 665 665
21 37 666 666
21 38 667 667
21 39 668 668
21 40 669 669
21 41 670 670
21 42 671 671
21 43 672 672
22 23 673 673
22 24 674 674
22 25 675 675
22 26 676 676
22 27 677 677
22 28 678 678
22 29 679 679
22 30 680 680
22 31 681 681
22 32 682 682
22 33 683 683
22 34 684 684
22 35 685 685
22 36 686 686
22 37 687 687
22 38 688 688
22 39 689 689
22 40 690 690
22 41 691 691
22 42 692 692
22 43 693 693
23 24 694 694
23 25 695 695
23 26 696 696
23 27 697 697
23 28 698 698
23 29 699 699
23 30 700 700
23 31 701 701
23 32 702 702
23 33 703 703
23 34 704 704
23 35 705 705
23 36 706 706
23 37 707 707
23 38 708 708
23 39 709 709
23 40 710 710
23 41 711 711
23 42 712 712
23 43 713 713
24 25 714 714
24 26 715 715
24 27 716 716
24 28 717 717
24 29 718 718
24 30 719 719
24 31 720 720
24 32 721 721
24 33 722 722
24 34 723 723
24 35 724 724
24 36 725 725
24 37 726 726
24 38 727 727
24 39 728 728
24 40 729 729
24 41 730 730
24 42 731 731
24 43 732 732
25 26 733 733
25 27 734 734
25 28 735 735
25 29 736 736
25 30 737 737
25 31 738 738
25 32 739 739
25 33 740 740
25 34 741 741
25 35 742 742
25 36 743 743
25 37 744 744
25 38 745 745
25 39 746 746
25 40 747 747
25 41 748 748
25 42 749 749
25 43 750 750
26 27 751 751
26 28 752 752
26 29 753 753
26 30 754 754
26 31 755 755
26 32 756 756
26 33 757 757
26 34 758 758
26 35 759 759
26 36 760 760
26 37 761 761
26 38 762 762
26 39 763 763
26 40 764 764
26 41 765 765
26 42 766 766
26 43 767 767
27 28 768 768
27 29 769 769
27 30 770 770
27 31 771 771
27 32 772 772
27 33 773 773
27 34 774 774
27 35 775 775
27 36 776 776
27 37 777 777
27 38 778 778
27 39 779 779
27 40 780 780
27 41 781 781
27 42 782 782
27 43 783 783
28 29 784 784
28 30 785 785
28 31 786 786
28 32 787 787
28 33 788 788
28 34 789 789
28 35 790 790
28 36 791 791
28 37 792 792
28 38 793 793
28 39 794 794
28 40 795 795
28 41 796 796
28 42 797 797
28 43 798 798
29 30 799 799
29 31 800 800
29 32 801 801
29 33 802 802
29 34 803 803
29 35 804 804
29 36 805 805
29 37 806 806
29 38 807 807
29 39 808 808
29 40 809 809
29 41 810 810
29 42 811 811
29 43 812 812
30 31 813 813
30 32 814 814
30 33 815 815
30 34 816 816
30 35 817 817
30 36 818 818
30 37 819 819
30 38 820 820
30 39 821 821
30 40 822 822
30 41 823 823
30 42 824 824
30 43 825 825
31 32 826 826
31 33 827 827
31 34 828 828
31 35 829 829
31 36 830 830
31 37 831 831
31 38 832 832
31 39 833 833
31 40 834 834
31 41 835 835
31 42 836 836
31 43 837 837
32 33 838 838
32 34 839 839
32 35 840 840
32 36 841 841
32 37 842 842
32 38 843 843
32 39 844 844
32 40 845 845
32 41 846 846
32 42 847 847
32 43 848 848
33 34 849 849
33 35 850 850
33 36 851 851
33 37 852 852
33 38 853 853
33 39 854 854
33 40 855 855
33 41 856 856
33 42 857 857
33 43 858 858
34 35 859 859
34 36 860 860
34 37 861 861
34 38 862 862
34 39 863 863
34 40 864 864
34 41 865 865
34 42 866 866
34 43 867 867
35 36 868 868
35 37 869 869
35 38 870 870
35 39 871 871
35 40 872 872
35 41 873 873
35 42 874 874
35 43 875 875
36 37 876 876
36 38 877 877
36 39 878 878
36 40 879 879
36 41 880 880
36 42 881 881
36 43 882 882
37 38 883 883
37 39 884 884
37 40 885 885
37 41 886 886
37 42 887 887
37 43 888 888
38 39 889 889
38 40 890 890
38 41 891 891
38 42 892 892
38 43 893 893
39 40 894 894
39 41 895 895
39 42 896 896
39 43 897 897
40 41 898 898
40 42 899 899
40 43 900 900
41 42 901 901
41 43 902 902
42 43 903 903
