1 2 1 1
1 3 2 2
1 4 3 3
1 5 4 4
1 6 5 5
1 7 6 6
1 8 7 7
1 9 8 8
1 10 9 9
1 11 10 10
1 12 11 11
1 13 12 12
1 14 13 13
1 15 14 14
1 16 15 15
1 17 16 16
1 18 17 17
1 19 18 18
1 20 19 19
1 21 20 20
1 22 21 21
1 23 22 22
1 24 23 23
1 25 24 24
1 26 25 25
1 27 26 26
1 28 27 27
1 29 28 28
1 30 29 29
2 3 30 30
2 4 31 31
2 5 32 32
2 6 33 33
2 7 34 34
2 8 35 35
2 9 36 36
2 10 37 37
2 11 38 38
2 12 39 39
2 13 40 40
2 14 41 41
2 15 42 42
2 16 43 43
2 17 44 44
2 18 45 45
2 19 46 46
2 20 47 47
2 21 48 48
2 22 49 49
2 23 50 50
2 24 51 51
2 25 52 52
2 26 53 53
2 27 54 54
2 28 55 55
2 29 56 56
2 30 57 57
3 4 58 58
3 5 59 59
3 6 60 60
3 7 61 61
3 8 62 62
3 9 63 63
3 10 64 64
3 11 65 65
3 12 66 66
3 13 67 67
3 14 68 68
3 15 69 69
3 16 70 70
3 17 71 71
3 18 72 72
3 19 73 73
3 20 74 74
3 21 75 75
3 22 76 76
3 23 77 77
3 24 78 78
3 25 79 79
3 26 80 80
3 27 81 81
3 28 82 82
3 29 83 83
3 30 84 84
4 5 85 85
4 6 86 86
4 7 87 87
4 8 88 88
4 9 89 89
4 10 90 90
4 11 91 91
4 12 92 92
4 13 93 93
4 14 94 94
4 15 95 95
4 16 96 96
4 17 97 97
4 18 98 98
4 19 99 99
4 20 100 100
4 21 101 101
4 22 102 102
4 23 103 103
4 24 104 104
4 25 105 105
4 26 106 106
4 27 107 107
4 28 108 108
4 29 109 109
4 30 110 110
5 6 111 111
5 7 112 112
5 8 113 113
5 9 114 114
5 10 115 115
5 11 116 116
5 12 117 117
5 13 118 118
5 14 119 119
5 15 120 120
5 16 121 121
5 17 122 122
5 18 123 123
5 19 124 124
5 20 125 125
5 21 126 126
5 22 127 127
5 23 128 128
5 24 129 129
5 25 130 130
5 26 131 131
5 27 132 132
5 28 133 133
5 29 134 134
5 30 135 135
6 7 136 136
6 8 137 137
6 9 138 138
6 10 139 139
6 11 140 140
6 12 141 141
6 13 142 142
6 14 143 143
6 15 144 144
6 16 145 145
6 17 146 146
6 18 147 147
6 19 148 148
6 20 149 149
6 21 150 150
6 22 151 151
6 23 152 152
6 24 153 153
6 25 154 154
6 26 155 155
6 27 156 156
6 28 157 157
6 29 158 158
6 30 159 159
7 8 160 160
7 9 161 161
7 10 162 162
7 11 163 163
7 12 164 164
7 13 165 165
7 14 166 166
7 15 167 167
7 16 168 168
7 17 169 169
7 18 170 170
7 19 171 171
7 20 172 172
7 21 173 173
7 22 174 174
7 23 175 175
7 24 176 176
7 25 177 177
7 26 178 178
7 27 179 179
7 28 180 180
7 29 181 181
7 30 182 182
8 9 183 183
8 10 184 184
8 11 185 185
8 12 186 186
8 13 187 187
8 14 188 188
8 15 189 189
8 16 190 190
8 17 191 191
8 18 192 192
8 19 193 193
8 20 194 194
8 21 195 195
8 22 196 196
8 23 197 197
8 24 198 198
8 25 199 199
8 26 200 200
8 27 201 201
8 28 202 202
8 29 203 203
8 30 204 204
9 10 205 205
9 11 206 206
9 12 207 207
9 13 208 208
9 14 209 209
9 15 210 210
9 16 211 211
9 17 212 212
9 18 213 213
9 19 214 214
9 20 215 215
9 21 216 216
9 22 217 217
9 23 218 218
9 24 219 219
9 25 220 220
9 26 221 221
9 27 222 222
9 28 223 223
9 29 224 224
9 30 225 225
10 11 226 226
10 12 227 227
10 13 228 228
10 14 229 229
10 15 230 230
10 16 231 231
10 17 232 232
10 18 233 233
10 19 234 234
10 20 235 235
10 21 236 236
10 22 237 237
10 23 238 238
10 24 239 239
10 25 240 240
10 26 241 241
10 27 242 242
10 28 243 243
10 29 244 244
10 30 245 245
11 12 246 246
11 13 247 247
11 14 248 248
11 15 249 249
11 16 250 250
11 17 251 251
11 18 252 252
11 19 253 253
11 20 254 254
11 21 255 255
11 22 256 256
11 23 257 257
11 24 258 258
11 25 259 259
11 26 260 260
11 27 261 261
11 28 262 262
11 29 263 263
11 30 264 264
12 13 265 265
12 14 266 266
12 15 267 267
12 16 268 268
12 17 269 269
12 18 270 270
12 19 271 271
12 20 272 272
12 21 273 273
12 22 274 274
12 23 275 275
12 24 276 276
12 25 277 277
12 26 278 278
12 27 279 279
12 28 280 280
12 29 281 281
12 30 282 282
13 14 283 283
13 15 284 284
13 16 285 285
13 17 286 286
13 18 287 287
13 19 288 288
13 20 289 289
13 21 290 290
13 22 291 291
13 23 292 292
13 24 293 293
13 25 294 294
13 26 295 295
13 27 296 296
13 28 297 297
13 29 298 298
13 30 299 299
14 15 300 300
14 16 301 301
14 17 302 302
14 18 303 303
14 19 304 304
14 20 305 305
14 21 306 306
14 22 307 307
14 23 308 308
14 24 309 309
14 25 310 310
14 26 311 311
14 27 312 312
14 28 313 313
14 29 314 314
14 30 315 315
15 16 316 316
15 17 317 317
15 18 318 318
15 19 319 319
15 20 320 320
15 21 321 321
15 22 322 322
15 23 323 323
15 24 324 324
15 25 325 325
15 26 326 326
15 27 327 327
15 28 328 328
15 29 329 329
15 30 330 330
16 17 331 331
16 18 332 332
16 19 333 333
16 20 334 334
16 21 335 335
16 22 336 336
16 23 337 337
16 24 338 338
16 25 339 339
16 26 340 340
16 27 341 341
16 28 342 342
16 29 343 343
16 30 344 344
17 18 345 345
17 19 346 346
17 20 347 347
17 21 348 348
17 22 349 349
17 23 350 350
17 24 351 351
17 25 352 352
17 26 353 353
17 27 354 354
17 28 355 355
17 29 356 356
17 30 357 357
18 19 358 358
18 20 359 359
18 21 360 360
18 22 361 361
18 23 362 362
18 24 363 363
18 25 364 364
18 26 365 365
18 27 366 366
18 28 367 367
18 29 368 368
18 30 369 369
19 20 370 370
19 21 371 371
19 22 372 372
19 23 373 373
19 24 374 374
19 25 375 375
19 26 376 376
19 27 377 377
19 28 378 378
19 29 379 379
19 30 380 380
20 21 381 381
20 22 382 382
20 23 383 383
20 24 384 384
20 25 385 385
20 26 386 386
20 27 387 387
20 28 388 388
20 29 389 389
20 30 390 390
21 22 391 391
21 23 392 392
21 24 393 393
21 25 394 394
21 26 395 395
21 27 396 396
21 28 397 397
21 29 398 398
21 30 399 399
22 23 400 400
22 24 401 401
22 25 402 402
22 26 403 403
22 27 404 404
22 28 405 405
22 29 406 406
22 30 407 407
23 24 408 408
23 25 409 409
23 26 410 410
23 27 411 411
23 28 412 412
23 29 413 413
23 30 414 414
24 25 415 415
24 26 416 416
24 27 417 417
24 28 418 418
24 29 419 419
24 30 420 420
25 26 421 421
25 27 422 422
25 28 423 423
25 29 424 424
25 30 425 425
26 27 426 426
26 28 427 427
26 29 428 428
26 30 429 429
27 28 430 430
27 29 431 431
27 30 432 432
28 29 433 433
28 30 434 434
29 30 435 435
