1 2 1 1
1 3 2 2
1 4 3 3
1 5 4 4
1 6 5 5
1 7 6 6
1 8 7 7
1 9 8 8
1 10 9 9
1 11 10 10
1 12 11 11
1 13 12 12
1 14 13 13
1 15 14 14
1 16 15 15
1 17 16 16
1 18 17 17
1 19 18 18
1 20 19 19
2 3 20 20
2 4 21 21
2 5 22 22
2 6 23 23
2 7 24 24
2 8 25 25
2 9 26 26
2 10 27 27
2 11 28 28
2 12 29 29
2 13 30 30
2 14 31 31
2 15 32 32
2 16 33 33
2 17 34 34
2 18 35 35
2 19 36 36
2 20 37 37
3 4 38 38
3 5 39 39
3 6 40 40
3 7 41 41
3 8 42 42
3 9 43 43
3 10 44 44
3 11 45 45
3 12 46 46
3 13 47 47
3 14 48 48
3 15 49 49
3 16 50 50
3 17 51 51
3 18 52 52
3 19 53 53
3 20 54 54
4 5 55 55
4 6 56 56
4 7 57 57
4 8 58 58
4 9 59 59
4 10 60 60
4 11 61 61
4 12 62 62
4 13 63 63
4 14 64 64
4 15 65 65
4 16 66 66
4 17 67 67
4 18 68 68
4 19 69 69
4 20 70 70
5 6 71 71
5 7 72 72
5 8 73 73
5 9 74 74
5 10 75 75
5 11 76 76
5 12 77 77
5 13 78 78
5 14 79 79
5 15 80 80
5 16 81 81
5 17 82 82
5 18 83 83
5 19 84 84
5 20 85 85
6 7 86 86
6 8 87 87
6 9 88 88
6 10 89 89
6 11 90 90
6 12 91 91
6 13 92 92
6 14 93 93
6 15 94 94
6 16 95 95
6 17 96 96
6 18 97 97
6 19 98 98
6 20 99 99
7 8 100 100
7 9 101 101
7 10 102 102
7 11 103 103
7 12 104 104
7 13 105 105
7 14 106 106
7 15 107 107
7 16 108 108
7 17 109 109
7 18 110 110
7 19 111 111
7 20 112 112
8 9 113 113
8 10 114 114
8 11 115 115
8 12 116 116
8 13 117 117
8 14 118 118
8 15 119 119
8 16 120 120
8 17 121 121
8 18 122 122
8 19 123 123
8 20 124 124
9 10 125 125
9 11 126 126
9 12 127 127
9 13 128 128
9 14 129 129
9 15 130 130
9 16 131 131
9 17 132 132
9 18 133 133
9 19 134 134
9 20 135 135
10 11 136 136
10 12 137 137
10 13 138 138
10 14 139 139
10 15 140 140
10 16 141 141
10 17 142 142
10 18 143 143
10 19 144 144
10 20 145 145
11 12 146 146
11 13 147 147
11 14 148 148
11 15 149 149
11 16 150 150
11 17 151 151
11 18 152 152
11 19 153 153
11 20 154 154
12 13 155 155
12 14 156 156
12 15 157 157
12 16 158 158
12 17 159 159
12 18 160 160
12 19 161 161
12 20 162 162
13 14 163 163
13 15 164 164
13 16 165 165
13 17 166 166
13 18 167 167
13 19 168 168
13 20 169 169
14 15 170 170
14 16 171 171
14 17 172 172
14 18 173 173
14 19 174 174
14 20 175 175
15 16 176 176
15 17 177 177
15 18 178 178
15 19 179 179
15 20 180 180
16 17 181 181
16 18 182 182
16 19 183 183
16 20 184 184
17 18 185 185
17 19 186 186
17 20 187 187
18 19 188 188
18 20 189 189
19 20 190 190
