1 2 1 1
1 3 2 2
1 4 3 3
1 5 4 4
1 6 5 5
1 7 6 6
1 8 7 7
1 9 8 8
1 10 9 9
1 11 10 10
1 12 11 11
1 13 12 12
1 14 13 13
1 15 14 14
1 16 15 15
2 3 16 16
2 4 17 17
2 5 18 18
2 6 19 19
2 7 20 20
2 8 21 21
2 9 22 22
2 10 23 23
2 11 24 24
2 12 25 25
2 13 26 26
2 14 27 27
2 15 28 28
2 16 29 29
3 4 30 30
3 5 31 31
3 6 32 32
3 7 33 33
3 8 34 34
3 9 35 35
3 10 36 36
3 11 37 37
3 12 38 38
3 13 39 39
3 14 40 40
3 15 41 41
3 16 42 42
4 5 43 43
4 6 44 44
4 7 45 45
4 8 46 46
4 9 47 47
4 10 48 48
4 11 49 49
4 12 50 50
4 13 51 51
4 14 52 52
4 15 53 53
4 16 54 54
5 6 55 55
5 7 56 56
5 8 57 57
5 9 58 58
5 10 59 59
5 11 60 60
5 12 61 61
5 13 62 62
5 14 63 63
5 15 64 64
5 16 65 65
6 7 66 66
6 8 67 67
6 9 68 68
6 10 69 69
6 11 70 70
6 12 71 71
6 13 72 72
6 14 73 73
6 15 74 74
6 16 75 75
7 8 76 76
7 9 77 77
7 10 78 78
7 11 79 79
7 12 80 80
7 13 81 81
7 14 82 82
7 15 83 83
7 16 84 84
8 9 85 85
8 10 86 86
8 11 87 87
8 12 88 88
8 13 89 89
8 14 90 90
8 15 91 91
8 16 92 92
9 10 93 93
9 11 94 94
9 12 95 95
9 13 96 96
9 14 97 97
9 15 98 98
9 16 99 99
10 11 100 100
10 12 101 101
10 13 102 102
10 14 103 103
10 15 104 104
10 16 105 105
11 12 106 106
11 13 107 107
11 14 108 108
11 15 109 109
11 16 110 110
12 13 111 111
12 14 112 112
12 15 113 113
12 16 114 114
13 14 115 115
13 15 116 116
13 16 117 117
14 15 118 118
14 16 119 119
15 16 120 120
