1 2 1 1
1 3 2 2
1 4 3 3
1 5 4 4
1 6 5 5
1 7 6 6
1 8 7 7
1 9 8 8
1 10 9 9
1 11 10 10
1 12 11 11
1 13 12 12
1 14 13 13
1 15 14 14
1 16 15 15
1 17 16 16
2 3 17 17
2 4 18 18
2 5 19 19
2 6 20 20
2 7 21 21
2 8 22 22
2 9 23 23
2 10 24 24
2 11 25 25
2 12 26 26
2 13 27 27
2 14 28 28
2 15 29 29
2 16 30 30
2 17 31 31
3 4 32 32
3 5 33 33
3 6 34 34
3 7 35 35
3 8 36 36
3 9 37 37
3 10 38 38
3 11 39 39
3 12 40 40
3 13 41 41
3 14 42 42
3 15 43 43
3 16 44 44
3 17 45 45
4 5 46 46
4 6 47 47
4 7 48 48
4 8 49 49
4 9 50 50
4 10 51 51
4 11 52 52
4 12 53 53
4 13 54 54
4 14 55 55
4 15 56 56
4 16 57 57
4 17 58 58
5 6 59 59
5 7 60 60
5 8 61 61
5 9 62 62
5 10 63 63
5 11 64 64
5 12 65 65
5 13 66 66
5 14 67 67
5 15 68 68
5 16 69 69
5 17 70 70
6 7 71 71
6 8 72 72
6 9 73 73
6 10 74 74
6 11 75 75
6 12 76 76
6 13 77 77
6 14 78 78
6 15 79 79
6 16 80 80
6 17 81 81
7 8 82 82
7 9 83 83
7 10 84 84
7 11 85 85
7 12 86 86
7 13 87 87
7 14 88 88
7 15 89 89
7 16 90 90
7 17 91 91
8 9 92 92
8 10 93 93
8 11 94 94
8 12 95 95
8 13 96 96
8 14 97 97
8 15 98 98
8 16 99 99
8 17 100 100
9 10 101 101
9 11 102 102
9 12 103 103
9 13 104 104
9 14 105 105
9 15 106 106
9 16 107 107
9 17 108 108
10 11 109 109
10 12 110 110
10 13 111 111
10 14 112 112
10 15 113 113
10 16 114 114
10 17 115 115
11 12 116 116
11 13 117 117
11 14 118 118
11 15 119 119
11 16 120 120
11 17 121 121
12 13 122 122
12 14 123 123
12 15 124 124
12 16 125 125
12 17 126 126
13 14 127 127
13 15 128 128
13 16 129 129
13 17 130 130
14 15 131 131
14 16 132 132
14 17 133 133
15 16 134 134
15 17 135 135
16 17 136 136
