1 2 1 1
1 3 2 2
1 4 3 3
1 5 4 4
1 6 5 5
1 7 6 6
1 8 7 7
1 9 8 8
1 10 9 9
1 11 10 10
1 12 11 11
1 13 12 12
1 14 13 13
1 15 14 14
1 16 15 15
1 17 16 16
1 18 17 17
1 19 18 18
1 20 19 19
1 21 20 20
1 22 21 21
1 23 22 22
1 24 23 23
1 25 24 24
1 26 25 25
1 27 26 26
1 28 27 27
1 29 28 28
1 30 29 29
1 31 30 30
1 32 31 31
1 33 32 32
1 34 33 33
1 35 34 34
1 36 35 35
1 37 36 36
1 38 37 37
1 39 38 38
1 40 39 39
1 41 40 40
2 3 41 41
2 4 42 42
2 5 43 43
2 6 44 44
2 7 45 45
2 8 46 46
2 9 47 47
2 10 48 48
2 11 49 49
2 12 50 50
2 13 51 51
2 14 52 52
2 15 53 53
2 16 54 54
2 17 55 55
2 18 56 56
2 19 57 57
2 20 58 58
2 21 59 59
2 22 60 60
2 23 61 61
2 24 62 62
2 25 63 63
2 26 64 64
2 27 65 65
2 28 66 66
2 29 67 67
2 30 68 68
2 31 69 69
2 32 70 70
2 33 71 71
2 34 72 72
2 35 73 73
2 36 74 74
2 37 75 75
2 38 76 76
2 39 77 77
2 40 78 78
2 41 79 79
3 4 80 80
3 5 81 81
3 6 82 82
3 7 83 83
3 8 84 84
3 9 85 85
3 10 86 86
3 11 87 87
3 12 88 88
3 13 89 89
3 14 90 90
3 15 91 91
3 16 92 92
3 17 93 93
3 18 94 94
3 19 95 95
3 20 96 96
3 21 97 97
3 22 98 98
3 23 99 99
3 24 100 100
3 25 101 101
3 26 102 102
3 27 103 103
3 28 104 104
3 29 105 105
3 30 106 106
3 31 107 107
3 32 108 108
3 33 109 109
3 34 110 110
3 35 111 111
3 36 112 112
3 37 113 113
3 38 114 114
3 39 115 115
3 40 116 116
3 41 117 117
4 5 118 118
4 6 119 119
4 7 120 120
4 8 121 121
4 9 122 122
4 10 123 123
4 11 124 124
4 12 125 125
4 13 126 126
4 14 127 127
4 15 128 128
4 16 129 129
4 17 130 130
4 18 131 131
4 19 132 132
4 20 133 133
4 21 134 134
4 22 135 135
4 23 136 136
4 24 137 137
4 25 138 138
4 26 139 139
4 27 140 140
4 28 141 141
4 29 142 142
4 30 143 143
4 31 144 144
4 32 145 145
4 33 146 146
4 34 147 147
4 35 148 148
4 36 149 149
4 37 150 150
4 38 151 151
4 39 152 152
4 40 153 153
4 41 154 154
5 6 155 155
5 7 156 156
5 8 157 157
5 9 158 158
5 10 159 159
5 11 160 160
5 12 161 161
5 13 162 162
5 14 163 163
5 15 164 164
5 16 165 165
5 17 166 166
5 18 167 167
5 19 168 168
5 20 169 169
5 21 170 170
5 22 171 171
5 23 172 172
5 24 173 173
5 25 174 174
5 26 175 175
5 27 176 176
5 28 177 177
5 29 178 178
5 30 179 179
5 31 180 180
5 32 181 181
5 33 182 182
5 34 183 183
5 35 184 184
5 36 185 185
5 37 186 186
5 38 187 187
5 39 188 188
5 40 189 189
5 41 190 190
6 7 191 191
6 8 192 192
6 9 193 193
6 10 194 194
6 11 195 195
6 12 196 196
6 13 197 197
6 14 198 198
6 15 199 199
6 16 200 200
6 17 201 201
6 18 202 202
6 19 203 203
6 20 204 204
6 21 205 205
6 22 206 206
6 23 207 207
6 24 208 208
6 25 209 209
6 26 210 210
6 27 211 211
6 28 212 212
6 29 213 213
6 30 214 214
6 31 215 215
6 32 216 216
6 33 217 217
6 34 218 218
6 35 219 219
6 36 220 220
6 37 221 221
6 38 222 222
6 39 223 223
6 40 224 224
6 41 225 225
7 8 226 226
7 9 227 227
7 10 228 228
7 11 229 229
7 12 230 230
7 13 231 231
7 14 232 232
7 15 233 233
7 16 234 234
7 17 235 235
7 18 236 236
7 19 237 237
7 20 238 238
7 21 239 239
7 22 240 240
7 23 241 241
7 24 242 242
7 25 243 243
7 26 244 244
7 27 245 245
7 28 246 246
7 29 247 247
7 30 248 248
7 31 249 249
7 32 250 250
7 33 251 251
7 34 252 252
7 35 253 253
7 36 254 254
7 37 255 255
7 38 256 256
7 39 257 257
7 40 258 258
7 41 259 259
8 9 260 260
8 10 261 261
8 11 262 262
8 12 263 263
8 13 264 264
8 14 265 265
8 15 266 266
8 16 267 267
8 17 268 268
8 18 269 269
8 19 270 270
8 20 271 271
8 21 272 272
8 22 273 273
8 23 274 274
8 24 275 275
8 25 276 276
8 26 277 277
8 27 278 278
8 28 279 279
8 29 280 280
8 30 281 281
8 31 282 282
8 32 283 283
8 33 284 284
8 34 285 285
8 35 286 286
8 36 287 287
8 37 288 288
8 38 289 289
8 39 290 290
8 40 291 291
8 41 292 292
9 10 293 293
9 11 294 294
9 12 295 295
9 13 296 296
9 14 297 297
9 15 298 298
9 16 299 299
9 17 300 300
9 18 301 301
9 19 302 302
9 20 303 303
9 21 304 304
9 22 305 305
9 23 306 306
9 24 307 307
9 25 308 308
9 26 309 309
9 27 310 310
9 28 311 311
9 29 312 312
9 30 313 313
9 31 314 314
9 32 315 315
9 33 316 316
9 34 317 317
9 35 318 318
9 36 319 319
9 37 320 320
9 38 321 321
9 39 322 322
9 40 323 323
9 41 324 324
10 11 325 325
10 12 326 326
10 13 327 327
10 14 328 328
10 15 329 329
10 16 330 330
10 17 331 331
10 18 332 332
10 19 333 333
10 20 334 334
10 21 335 335
10 22 336 336
10 23 337 337
10 24 338 338
10 25 339 339
10 26 340 340
10 27 341 341
10 28 342 342
10 29 343 343
10 30 344 344
10 31 345 345
10 32 346 346
10 33 347 347
10 34 348 348
10 35 349 349
10 36 350 350
10 37 351 351
10 38 352 352
10 39 353 353
10 40 354 354
10 41 355 355
11 12 356 356
11 13 357 357
11 14 358 358
11 15 359 359
11 16 360 360
11 17 361 361
11 18 362 362
11 19 363 363
11 20 364 364
11 21 365 365
11 22 366 366
11 23 367 367
11 24 368 368
11 25 369 369
11 26 370 370
11 27 371 371
11 28 372 372
11 29 373 373
11 30 374 374
11 31 375 375
11 32 376 376
11 33 377 377
11 34 378 378
11 35 379 379
11 36 380 380
11 37 381 381
11 38 382 382
11 39 383 383
11 40 384 384
11 41 385 385
12 13 386 386
12 14 387 387
12 15 388 388
12 16 389 389
12 17 390 390
12 18 391 391
12 19 392 392
12 20 393 393
12 21 394 394
12 22 395 395
12 23 396 396
12 24 397 397
12 25 398 398
12 26 399 399
12 27 400 400
12 28 401 401
12 29 402 402
12 30 403 403
12 31 404 404
12 32 405 405
12 33 406 406
12 34 407 407
12 35 408 408
12 36 409 409
12 37 410 410
12 38 411 411
12 39 412 412
12 40 413 413
12 41 414 414
13 14 415 415
13 15 416 416
13 16 417 417
13 17 418 418
13 18 419 419
13 19 420 420
13 20 421 421
13 21 422 422
13 22 423 423
13 23 424 424
13 24 425 425
13 25 426 426
13 26 427 427
13 27 428 428
13 28 429 429
13 29 430 430
13 30 431 431
13 31 432 432
13 32 433 433
13 33 434 434
13 34 435 435
13 35 436 436
13 36 437 437
13 37 438 438
13 38 439 439
13 39 440 440
13 40 441 441
13 41 442 442
14 15 443 443
14 16 444 444
14 17 445 445
14 18 446 446
14 19 447 447
14 20 448 448
14 21 449 449
14 22 450 450
14 23 451 451
14 24 452 452
14 25 453 453
14 26 454 454
14 27 455 455
14 28 456 456
14 29 457 457
14 30 458 458
14 31 459 459
14 32 460 460
14 33 461 461
14 34 462 462
14 35 463 463
14 36 464 464
14 37 465 465
14 38 466 466
14 39 467 467
14 40 468 468
14 41 469 469
15 16 470 470
15 17 471 471
15 18 472 472
15 19 473 473
15 20 474 474
15 21 475 475
15 22 476 476
15 23 477 477
15 24 478 478
15 25 479 479
15 26 480 480
15 27 481 481
15 28 482 482
15 29 483 483
15 30 484 484
15 31 485 485
15 32 486 486
15 33 487 487
15 34 488 488
15 35 489 489
15 36 490 490
15 37 491 491
15 38 492 492
15 39 493 493
15 40 494 494
15 41 495 495
16 17 496 496
16 18 497 497
16 19 498 498
16 20 499 499
16 21 500 500
16 22 501 501
16 23 502 502
16 24 503 503
16 25 504 504
16 26 505 505
16 27 506 506
16 28 507 507
16 29 508 508
16 30 509 509
16 31 510 510
16 32 511 511
16 33 512 512
16 34 513 513
16 35 514 514
16 36 515 515
16 37 516 516
16 38 517 517
16 39 518 518
16 40 519 519
16 41 520 520
17 18 521 521
17 19 522 522
17 20 523 523
17 21 524 524
17 22 525 525
17 23 526 526
17 24 527 527
17 25 528 528
17 26 529 529
17 27 530 530
17 28 531 531
17 29 532 532
17 30 533 533
17 31 534 534
17 32 535 535
17 33 536 536
17 34 537 537
17 35 538 538
17 36 539 539
17 37 540 540
17 38 541 541
17 39 542 542
17 40 543 543
17 41 544 544
18 19 545 545
18 20 546 546
18 21 547 547
18 22 548 548
18 23 549 549
18 24 550 550
18 25 551 551
18 26 552 552
18 27 553 553
18 28 554 554
18 29 555 555
18 30 556 556
18 31 557 557
18 32 558 558
18 33 559 559
18 34 560 560
18 35 561 561
18 36 562 562
18 37 563 563
18 38 564 564
18 39 565 565
18 40 566 566
18 41 567 567
19 20 568 568
19 21 569 569
19 22 570 570
19 23 571 571
19 24 572 572
19 25 573 573
19 26 574 574
19 27 575 575
19 28 576 576
19 29 577 577
19 30 578 578
19 31 579 579
19 32 580 580
19 33 581 581
19 34 582 582
19 35 583 583
19 36 584 584
19 37 585 585
19 38 586 586
19 39 587 587
19 40 588 588
19 41 589 589
20 21 590 590
20 22 591 591
20 23 592 592
20 24 593 593
20 25 594 594
20 26 595 595
20 27 596 596
20 28 597 597
20 29 598 598
20 30 599 599
20 31 600 600
20 32 601 601
20 33 602 602
20 34 603 603
20 35 604 604
20 36 605 605
20 37 606 606
20 38 607 607
20 39 608 608
20 40 609 609
20 41 610 610
21 22 611 611
21 23 612 612
21 24 613 613
21 25 614 614
21 26 615 615
21 27 616 616
21 28 617 617
21 29 618 618
21 30 619 619
21 31 620 620
21 32 621 621
21 33 622 622
21 34 623 623
21 35 624 624
21 36 625 625
21 37 626 626
21 38 627 627
21 39 628 628
21 40 629 629
21 41 630 630
22 23 631 631
22 24 632 632
22 25 633 633
22 26 634 634
22 27 635 635
22 28 636 636
22 29 637 637
22 30 638 638
22 31 639 639
22 32 640 640
22 33 641 641
22 34 642 642
22 35 643 643
22 36 644 644
22 37 645 645
22 38 646 646
22 39 647 647
22 40 648 648
22 41 649 649
23 24 650 650
23 25 651 651
23 26 652 652
23 27 653 653
23 28 654 654
23 29 655 655
23 30 656 656
23 31 657 657
23 32 658 658
23 33 659 659
23 34 660 660
23 35 661 661
23 36 662 662
23 37 663 663
23 38 664 664
23 39 665 665
23 40 666 666
23 41 667 667
24 25 668 668
24 26 669 669
24 27 670 670
24 28 671 671
24 29 672 672
24 30 673 673
24 31 674 674
24 32 675 675
24 33 676 676
24 34 677 677
24 35 678 678
24 36 679 679
24 37 680 680
24 38 681 681
24 39 682 682
24 40 683 683
24 41 684 684
25 26 685 685
25 27 686 686
25 28 687 687
25 29 688 688
25 30 689 689
25 31 690 690
25 32 691 691
25 33 692 692
25 34 693 693
25 35 694 694
25 36 695 695
25 37 696 696
25 38 697 697
25 39 698 698
25 40 699 699
25 41 700 700
26 27 701 701
26 28 702 702
26 29 703 703
26 30 704 704
26 31 705 705
26 32 706 706
26 33 707 707
26 34 708 708
26 35 709 709
26 36 710 710
26 37 711 711
26 38 712 712
26 39 713 713
26 40 714 714
26 41 715 715
27 28 716 716
27 29 717 717
27 30 718 718
27 31 719 719
27 32 720 720
27 33 721 721
27 34 722 722
27 35 723 723
27 36 724 724
27 37 725 725
27 38 726 726
27 39 727 727
27 40 728 728
27 41 729 729
28 29 730 730
28 30 731 731
28 31 732 732
28 32 733 733
28 33 734 734
28 34 735 735
28 35 736 736
28 36 737 737
28 37 738 738
28 38 739 739
28 39 740 740
28 40 741 741
28 41 742 742
29 30 743 743
29 31 744 744
29 32 745 745
29 33 746 746
29 34 747 747
29 35 748 748
29 36 749 749
29 37 750 750
29 38 751 751
29 39 752 752
29 40 753 753
29 41 754 754
30 31 755 755
30 32 756 756
30 33 757 757
30 34 758 758
30 35 759 759
30 36 760 760
30 37 761 761
30 38 762 762
30 39 763 763
30 40 764 764
30 41 765 765
31 32 766 766
31 33 767 767
31 34 768 768
31 35 769 769
31 36 770 770
31 37 771 771
31 38 772 772
31 39 773 773
31 40 774 774
31 41 775 775
32 33 776 776
32 34 777 777
32 35 778 778
32 36 779 779
32 37 780 780
32 38 781 781
32 39 782 782
32 40 783 783
32 41 784 784
33 34 785 785
33 35 786 786
33 36 787 787
33 37 788 788
33 38 789 789
33 39 790 790
33 40 791 791
33 41 792 792
34 35 793 793
34 36 794 794
34 37 795 795
34 38 796 796
34 39 797 797
34 40 798 798
34 41 799 799
35 36 800 800
35 37 801 801
35 38 802 802
35 39 803 803
35 40 804 804
35 41 805 805
36 37 806 806
36 38 807 807
36 39 808 808
36 40 809 809
36 41 810 810
37 38 811 811
37 39 812 812
37 40 813 813
37 41 814 814
38 39 815 815
38 40 816 816
38 41 817 817
39 40 818 818
39 41 819 819
40 41 820 820
