1 2 1 1
1 3 2 2
1 4 3 3
1 5 4 4
1 6 5 5
1 7 6 6
1 8 7 7
1 9 8 8
1 10 9 9
1 11 10 10
2 3 11 11
2 4 12 12
2 5 13 13
2 6 14 14
2 7 15 15
2 8 16 16
2 9 17 17
2 10 18 18
2 11 19 19
3 4 20 20
3 5 21 21
3 6 22 22
3 7 23 23
3 8 24 24
3 9 25 25
3 10 26 26
3 11 27 27
4 5 28 28
4 6 29 29
4 7 30 30
4 8 31 31
4 9 32 32
4 10 33 33
4 11 34 34
5 6 35 35
5 7 36 36
5 8 37 37
5 9 38 38
5 10 39 39
5 11 40 40
6 7 41 41
6 8 42 42
6 9 43 43
6 10 44 44
6 11 45 45
7 8 46 46
7 9 47 47
7 10 48 48
7 11 49 49
8 9 50 50
8 10 51 51
8 11 52 52
9 10 53 53
9 11 54 54
10 11 55 55
