1 2 1 1
1 3 2 2
1 4 3 3
1 5 4 4
1 6 5 5
1 7 6 6
1 8 7 7
1 9 8 8
1 10 9 9
1 11 10 10
1 12 11 11
2 3 12 12
2 4 13 13
2 5 14 14
2 6 15 15
2 7 16 16
2 8 17 17
2 9 18 18
2 10 19 19
2 11 20 20
2 12 21 21
3 4 22 22
3 5 23 23
3 6 24 24
3 7 25 25
3 8 26 26
3 9 27 27
3 10 28 28
3 11 29 29
3 12 30 30
4 5 31 31
4 6 32 32
4 7 33 33
4 8 34 34
4 9 35 35
4 10 36 36
4 11 37 37
4 12 38 38
5 6 39 39
5 7 40 40
5 8 41 41
5 9 42 42
5 10 43 43
5 11 44 44
5 12 45 45
6 7 46 46
6 8 47 47
6 9 48 48
6 10 49 49
6 11 50 50
6 12 51 51
7 8 52 52
7 9 53 53
7 10 54 54
7 11 55 55
7 12 56 56
8 9 57 57
8 10 58 58
8 11 59 59
8 12 60 60
9 10 61 61
9 11 62 62
9 12 63 63
10 11 64 64
10 12 65 65
11 12 66 66
