1 2 1 1
1 3 2 2
1 4 3 3
1 5 4 4
1 6 5 5
1 7 6 6
1 8 7 7
1 9 8 8
1 10 9 9
1 11 10 10
1 12 11 11
1 13 12 12
1 14 13 13
1 15 14 14
1 16 15 15
1 17 16 16
1 18 17 17
1 19 18 18
1 20 19 19
1 21 20 20
1 22 21 21
1 23 22 22
1 24 23 23
1 25 24 24
1 26 25 25
1 27 26 26
1 28 27 27
2 3 28 28
2 4 29 29
2 5 30 30
2 6 31 31
2 7 32 32
2 8 33 33
2 9 34 34
2 10 35 35
2 11 36 36
2 12 37 37
2 13 38 38
2 14 39 39
2 15 40 40
2 16 41 41
2 17 42 42
2 18 43 43
2 19 44 44
2 20 45 45
2 21 46 46
2 22 47 47
2 23 48 48
2 24 49 49
2 25 50 50
2 26 51 51
2 27 52 52
2 28 53 53
3 4 54 54
3 5 55 55
3 6 56 56
3 7 57 57
3 8 58 58
3 9 59 59
3 10 60 60
3 11 61 61
3 12 62 62
3 13 63 63
3 14 64 64
3 15 65 65
3 16 66 66
3 17 67 67
3 18 68 68
3 19 69 69
3 20 70 70
3 21 71 71
3 22 72 72
3 23 73 73
3 24 74 74
3 25 75 75
3 26 76 76
3 27 77 77
3 28 78 78
4 5 79 79
4 6 80 80
4 7 81 81
4 8 82 82
4 9 83 83
4 10 84 84
4 11 85 85
4 12 86 86
4 13 87 87
4 14 88 88
4 15 89 89
4 16 90 90
4 17 91 91
4 18 92 92
4 19 93 93
4 20 94 94
4 21 95 95
4 22 96 96
4 23 97 97
4 24 98 98
4 25 99 99
4 26 100 100
4 27 101 101
4 28 102 102
5 6 103 103
5 7 104 104
5 8 105 105
5 9 106 106
5 10 107 107
5 11 108 108
5 12 109 109
5 13 110 110
5 14 111 111
5 15 112 112
5 16 113 113
5 17 114 114
5 18 115 115
5 19 116 116
5 20 117 117
5 21 118 118
5 22 119 119
5 23 120 120
5 24 121 121
5 25 122 122
5 26 123 123
5 27 124 124
5 28 125 125
6 7 126 126
6 8 127 127
6 9 128 128
6 10 129 129
6 11 130 130
6 12 131 131
6 13 132 132
6 14 133 133
6 15 134 134
6 16 135 135
6 17 136 136
6 18 137 137
6 19 138 138
6 20 139 139
6 21 140 140
6 22 141 141
6 23 142 142
6 24 143 143
6 25 144 144
6 26 145 145
6 27 146 146
6 28 147 147
7 8 148 148
7 9 149 149
7 10 150 150
7 11 151 151
7 12 152 152
7 13 153 153
7 14 154 154
7 15 155 155
7 16 156 156
7 17 157 157
7 18 158 158
7 19 159 159
7 20 160 160
7 21 161 161
7 22 162 162
7 23 163 163
7 24 164 164
7 25 165 165
7 26 166 166
7 27 167 167
7 28 168 168
8 9 169 169
8 10 170 170
8 11 171 171
8 12 172 172
8 13 173 173
8 14 174 174
8 15 175 175
8 16 176 176
8 17 177 177
8 18 178 178
8 19 179 179
8 20 180 180
8 21 181 181
8 22 182 182
8 23 183 183
8 24 184 184
8 25 185 185
8 26 186 186
8 27 187 187
8 28 188 188
9 10 189 189
9 11 190 190
9 12 191 191
9 13 192 192
9 14 193 193
9 15 194 194
9 16 195 195
9 17 196 196
9 18 197 197
9 19 198 198
9 20 199 199
9 21 200 200
9 22 201 201
9 23 202 202
9 24 203 203
9 25 204 204
9 26 205 205
9 27 206 206
9 28 207 207
10 11 208 208
10 12 209 209
10 13 210 210
10 14 211 211
10 15 212 212
10 16 213 213
10 17 214 214
10 18 215 215
10 19 216 216
10 20 217 217
10 21 218 218
10 22 219 219
10 23 220 220
10 24 221 221
10 25 222 222
10 26 223 223
10 27 224 224
10 28 225 225
11 12 226 226
11 13 227 227
11 14 228 228
11 15 229 229
11 16 230 230
11 17 231 231
11 18 232 232
11 19 233 233
11 20 234 234
11 21 235 235
11 22 236 236
11 23 237 237
11 24 238 238
11 25 239 239
11 26 240 240
11 27 241 241
11 28 242 242
12 13 243 243
12 14 244 244
12 15 245 245
12 16 246 246
12 17 247 247
12 18 248 248
12 19 249 249
12 20 250 250
12 21 251 251
12 22 252 252
12 23 253 253
12 24 254 254
12 25 255 255
12 26 256 256
12 27 257 257
12 28 258 258
13 14 259 259
13 15 260 260
13 16 261 261
13 17 262 262
13 18 263 263
13 19 264 264
13 20 265 265
13 21 266 266
13 22 267 267
13 23 268 268
13 24 269 269
13 25 270 270
13 26 271 271
13 27 272 272
13 28 273 273
14 15 274 274
14 16 275 275
14 17 276 276
14 18 277 277
14 19 278 278
14 20 279 279
14 21 280 280
14 22 281 281
14 23 282 282
14 24 283 283
14 25 284 284
14 26 285 285
14 27 286 286
14 28 287 287
15 16 288 288
15 17 289 289
15 18 290 290
15 19 291 291
15 20 292 292
15 21 293 293
15 22 294 294
15 23 295 295
15 24 296 296
15 25 297 297
15 26 298 298
15 27 299 299
15 28 300 300
16 17 301 301
16 18 302 302
16 19 303 303
16 20 304 304
16 21 305 305
16 22 306 306
16 23 307 307
16 24 308 308
16 25 309 309
16 26 310 310
16 27 311 311
16 28 312 312
17 18 313 313
17 19 314 314
17 20 315 315
17 21 316 316
17 22 317 317
17 23 318 318
17 24 319 319
17 25 320 320
17 26 321 321
17 27 322 322
17 28 323 323
18 19 324 324
18 20 325 325
18 21 326 326
18 22 327 327
18 23 328 328
18 24 329 329
18 25 330 330
18 26 331 331
18 27 332 332
18 28 333 333
19 20 334 334
19 21 335 335
19 22 336 336
19 23 337 337
19 24 338 338
19 25 339 339
19 26 340 340
19 27 341 341
19 28 342 342
20 21 343 343
20 22 344 344
20 23 345 345
20 24 346 346
20 25 347 347
20 26 348 348
20 27 349 349
20 28 350 350
21 22 351 351
21 23 352 352
21 24 353 353
21 25 354 354
21 26 355 355
21 27 356 356
21 28 357 357
22 23 358 358
22 24 359 359
22 25 360 360
22 26 361 361
22 27 362 362
22 28 363 363
23 24 364 364
23 25 365 365
23 26 366 366
23 27 367 367
23 28 368 368
24 25 369 369
24 26 370 370
24 27 371 371
24 28 372 372
25 26 373 373
25 27 374 374
25 28 375 375
26 27 376 376
26 28 377 377
27 28 378 378
