1 2 1 1
1 3 2 2
1 4 3 3
1 5 4 4
1 6 5 5
1 7 6 6
1 8 7 7
1 9 8 8
1 10 9 9
1 11 10 10
1 12 11 11
1 13 12 12
1 14 13 13
1 15 14 14
2 3 15 15
2 4 16 16
2 5 17 17
2 6 18 18
2 7 19 19
2 8 20 20
2 9 21 21
2 10 22 22
2 11 23 23
2 12 24 24
2 13 25 25
2 14 26 26
2 15 27 27
3 4 28 28
3 5 29 29
3 6 30 30
3 7 31 31
3 8 32 32
3 9 33 33
3 10 34 34
3 11 35 35
3 12 36 36
3 13 37 37
3 14 38 38
3 15 39 39
4 5 40 40
4 6 41 41
4 7 42 42
4 8 43 43
4 9 44 44
4 10 45 45
4 11 46 46
4 12 47 47
4 13 48 48
4 14 49 49
4 15 50 50
5 6 51 51
5 7 52 52
5 8 53 53
5 9 54 54
5 10 55 55
5 11 56 56
5 12 57 57
5 13 58 58
5 14 59 59
5 15 60 60
6 7 61 61
6 8 62 62
6 9 63 63
6 10 64 64
6 11 65 65
6 12 66 66
6 13 67 67
6 14 68 68
6 15 69 69
7 8 70 70
7 9 71 71
7 10 72 72
7 11 73 73
7 12 74 74
7 13 75 75
7 14 76 76
7 15 77 77
8 9 78 78
8 10 79 79
8 11 80 80
8 12 81 81
8 13 82 82
8 14 83 83
8 15 84 84
9 10 85 85
9 11 86 86
9 12 87 87
9 13 88 88
9 14 89 89
9 15 90 90
10 11 91 91
10 12 92 92
10 13 93 93
10 14 94 94
10 15 95 95
11 12 96 96
11 13 97 97
11 14 98 98
11 15 99 99
12 13 100 100
12 14 101 101
12 15 102 102
13 14 103 103
13 15 104 104
14 15 105 105
