1 2 1 1
1 3 2 2
1 4 3 3
1 5 4 4
1 6 5 5
1 7 6 6
1 8 7 7
1 9 8 8
1 10 9 9
1 11 10 10
1 12 11 11
1 13 12 12
1 14 13 13
1 15 14 14
1 16 15 15
1 17 16 16
1 18 17 17
1 19 18 18
1 20 19 19
1 21 20 20
1 22 21 21
1 23 22 22
1 24 23 23
1 25 24 24
1 26 25 25
1 27 26 26
1 28 27 27
1 29 28 28
1 30 29 29
1 31 30 30
1 32 31 31
1 33 32 32
1 34 33 33
1 35 34 34
1 36 35 35
1 37 36 36
1 38 37 37
1 39 38 38
1 40 39 39
1 41 40 40
1 42 41 41
1 43 42 42
1 44 43 43
1 45 44 44
1 46 45 45
2 3 46 46
2 4 47 47
2 5 48 48
2 6 49 49
2 7 50 50
2 8 51 51
2 9 52 52
2 10 53 53
2 11 54 54
2 12 55 55
2 13 56 56
2 14 57 57
2 15 58 58
2 16 59 59
2 17 60 60
2 18 61 61
2 19 62 62
2 20 63 63
2 21 64 64
2 22 65 65
2 23 66 66
2 24 67 67
2 25 68 68
2 26 69 69
2 27 70 70
2 28 71 71
2 29 72 72
2 30 73 73
2 31 74 74
2 32 75 75
2 33 76 76
2 34 77 77
2 35 78 78
2 36 79 79
2 37 80 80
2 38 81 81
2 39 82 82
2 40 83 83
2 41 84 84
2 42 85 85
2 43 86 86
2 44 87 87
2 45 88 88
2 46 89 89
3 4 90 90
3 5 91 91
3 6 92 92
3 7 93 93
3 8 94 94
3 9 95 95
3 10 96 96
3 11 97 97
3 12 98 98
3 13 99 99
3 14 100 100
3 15 101 101
3 16 102 102
3 17 103 103
3 18 104 104
3 19 105 105
3 20 106 106
3 21 107 107
3 22 108 108
3 23 109 109
3 24 110 110
3 25 111 111
3 26 112 112
3 27 113 113
3 28 114 114
3 29 115 115
3 30 116 116
3 31 117 117
3 32 118 118
3 33 119 119
3 34 120 120
3 35 121 121
3 36 122 122
3 37 123 123
3 38 124 124
3 39 125 125
3 40 126 126
3 41 127 127
3 42 128 128
3 43 129 129
3 44 130 130
3 45 131 131
3 46 132 132
4 5 133 133
4 6 134 134
4 7 135 135
4 8 136 136
4 9 137 137
4 10 138 138
4 11 139 139
4 12 140 140
4 13 141 141
4 14 142 142
4 15 143 143
4 16 144 144
4 17 145 145
4 18 146 146
4 19 147 147
4 20 148 148
4 21 149 149
4 22 150 150
4 23 151 151
4 24 152 152
4 25 153 153
4 26 154 154
4 27 155 155
4 28 156 156
4 29 157 157
4 30 158 158
4 31 159 159
4 32 160 160
4 33 161 161
4 34 162 162
4 35 163 163
4 36 164 164
4 37 165 165
4 38 166 166
4 39 167 167
4 40 168 168
4 41 169 169
4 42 170 170
4 43 171 171
4 44 172 172
4 45 173 173
4 46 174 174
5 6 175 175
5 7 176 176
5 8 177 177
5 9 178 178
5 10 179 179
5 11 180 180
5 12 181 181
5 13 182 182
5 14 183 183
5 15 184 184
5 16 185 185
5 17 186 186
5 18 187 187
5 19 188 188
5 20 189 189
5 21 190 190
5 22 191 191
5 23 192 192
5 24 193 193
5 25 194 194
5 26 195 195
5 27 196 196
5 28 197 197
5 29 198 198
5 30 199 199
5 31 200 200
5 32 201 201
5 33 202 202
5 34 203 203
5 35 204 204
5 36 205 205
5 37 206 206
5 38 207 207
5 39 208 208
5 40 209 209
5 41 210 210
5 42 211 211
5 43 212 212
5 44 213 213
5 45 214 214
5 46 215 215
6 7 216 216
6 8 217 217
6 9 218 218
6 10 219 219
6 11 220 220
6 12 221 221
6 13 222 222
6 14 223 223
6 15 224 224
6 16 225 225
6 17 226 226
6 18 227 227
6 19 228 228
6 20 229 229
6 21 230 230
6 22 231 231
6 23 232 232
6 24 233 233
6 25 234 234
6 26 235 235
6 27 236 236
6 28 237 237
6 29 238 238
6 30 239 239
6 31 240 240
6 32 241 241
6 33 242 242
6 34 243 243
6 35 244 244
6 36 245 245
6 37 246 246
6 38 247 247
6 39 248 248
6 40 249 249
6 41 250 250
6 42 251 251
6 43 252 252
6 44 253 253
6 45 254 254
6 46 255 255
7 8 256 256
7 9 257 257
7 10 258 258
7 11 259 259
7 12 260 260
7 13 261 261
7 14 262 262
7 15 263 263
7 16 264 264
7 17 265 265
7 18 266 266
7 19 267 267
7 20 268 268
7 21 269 269
7 22 270 270
7 23 271 271
7 24 272 272
7 25 273 273
7 26 274 274
7 27 275 275
7 28 276 276
7 29 277 277
7 30 278 278
7 31 279 279
7 32 280 280
7 33 281 281
7 34 282 282
7 35 283 283
7 36 284 284
7 37 285 285
7 38 286 286
7 39 287 287
7 40 288 288
7 41 289 289
7 42 290 290
7 43 291 291
7 44 292 292
7 45 293 293
7 46 294 294
8 9 295 295
8 10 296 296
8 11 297 297
8 12 298 298
8 13 299 299
8 14 300 300
8 15 301 301
8 16 302 302
8 17 303 303
8 18 304 304
8 19 305 305
8 20 306 306
8 21 307 307
8 22 308 308
8 23 309 309
8 24 310 310
8 25 311 311
8 26 312 312
8 27 313 313
8 28 314 314
8 29 315 315
8 30 316 316
8 31 317 317
8 32 318 318
8 33 319 319
8 34 320 320
8 35 321 321
8 36 322 322
8 37 323 323
8 38 324 324
8 39 325 325
8 40 326 326
8 41 327 327
8 42 328 328
8 43 329 329
8 44 330 330
8 45 331 331
8 46 332 332
9 10 333 333
9 11 334 334
9 12 335 335
9 13 336 336
9 14 337 337
9 15 338 338
9 16 339 339
9 17 340 340
9 18 341 341
9 19 342 342
9 20 343 343
9 21 344 344
9 22 345 345
9 23 346 346
9 24 347 347
9 25 348 348
9 26 349 349
9 27 350 350
9 28 351 351
9 29 352 352
9 30 353 353
9 31 354 354
9 32 355 355
9 33 356 356
9 34 357 357
9 35 358 358
9 36 359 359
9 37 360 360
9 38 361 361
9 39 362 362
9 40 363 363
9 41 364 364
9 42 365 365
9 43 366 366
9 44 367 367
9 45 368 368
9 46 369 369
10 11 370 370
10 12 371 371
10 13 372 372
10 14 373 373
10 15 374 374
10 16 375 375
10 17 376 376
10 18 377 377
10 19 378 378
10 20 379 379
10 21 380 380
10 22 381 381
10 23 382 382
10 24 383 383
10 25 384 384
10 26 385 385
10 27 386 386
10 28 387 387
10 29 388 388
10 30 389 389
10 31 390 390
10 32 391 391
10 33 392 392
10 34 393 393
10 35 394 394
10 36 395 395
10 37 396 396
10 38 397 397
10 39 398 398
10 40 399 399
10 41 400 400
10 42 401 401
10 43 402 402
10 44 403 403
10 45 404 404
10 46 405 405
11 12 406 406
11 13 407 407
11 14 408 408
11 15 409 409
11 16 410 410
11 17 411 411
11 18 412 412
11 19 413 413
11 20 414 414
11 21 415 415
11 22 416 416
11 23 417 417
11 24 418 418
11 25 419 419
11 26 420 420
11 27 421 421
11 28 422 422
11 29 423 423
11 30 424 424
11 31 425 425
11 32 426 426
11 33 427 427
11 34 428 428
11 35 429 429
11 36 430 430
11 37 431 431
11 38 432 432
11 39 433 433
11 40 434 434
11 41 435 435
11 42 436 436
11 43 437 437
11 44 438 438
11 45 439 439
11 46 440 440
12 13 441 441
12 14 442 442
12 15 443 443
12 16 444 444
12 17 445 445
12 18 446 446
12 19 447 447
12 20 448 448
12 21 449 449
12 22 450 450
12 23 451 451
12 24 452 452
12 25 453 453
12 26 454 454
12 27 455 455
12 28 456 456
12 29 457 457
12 30 458 458
12 31 459 459
12 32 460 460
12 33 461 461
12 34 462 462
12 35 463 463
12 36 464 464
12 37 465 465
12 38 466 466
12 39 467 467
12 40 468 468
12 41 469 469
12 42 470 470
12 43 471 471
12 44 472 472
12 45 473 473
12 46 474 474
13 14 475 475
13 15 476 476
13 16 477 477
13 17 478 478
13 18 479 479
13 19 480 480
13 20 481 481
13 21 482 482
13 22 483 483
13 23 484 484
13 24 485 485
13 25 486 486
13 26 487 487
13 27 488 488
13 28 489 489
13 29 490 490
13 30 491 491
13 31 492 492
13 32 493 493
13 33 494 494
13 34 495 495
13 35 496 496
13 36 497 497
13 37 498 498
13 38 499 499
13 39 500 500
13 40 501 501
13 41 502 502
13 42 503 503
13 43 504 504
13 44 505 505
13 45 506 506
13 46 507 507
14 15 508 508
14 16 509 509
14 17 510 510
14 18 511 511
14 19 512 512
14 20 513 513
14 21 514 514
14 22 515 515
14 23 516 516
14 24 517 517
14 25 518 518
14 26 519 519
14 27 520 520
14 28 521 521
14 29 522 522
14 30 523 523
14 31 524 524
14 32 525 525
14 33 526 526
14 34 527 527
14 35 528 528
14 36 529 529
14 37 530 530
14 38 531 531
14 39 532 532
14 40 533 533
14 41 534 534
14 42 535 535
14 43 536 536
14 44 537 537
14 45 538 538
14 46 539 539
15 16 540 540
15 17 541 541
15 18 542 542
15 19 543 543
15 20 544 544
15 21 545 545
15 22 546 546
15 23 547 547
15 24 548 548
15 25 549 549
15 26 550 550
15 27 551 551
15 28 552 552
15 29 553 553
15 30 554 554
15 31 555 555
15 32 556 556
15 33 557 557
15 34 558 558
15 35 559 559
15 36 560 560
15 37 561 561
15 38 562 562
15 39 563 563
15 40 564 564
15 41 565 565
15 42 566 566
15 43 567 567
15 44 568 568
15 45 569 569
15 46 570 570
16 17 571 571
16 18 572 572
16 19 573 573
16 20 574 574
16 21 575 575
16 22 576 576
16 23 577 577
16 24 578 578
16 25 579 579
16 26 580 580
16 27 581 581
16 28 582 582
16 29 583 583
16 30 584 584
16 31 585 585
16 32 586 586
16 33 587 587
16 34 588 588
16 35 589 589
16 36 590 590
16 37 591 591
16 38 592 592
16 39 593 593
16 40 594 594
16 41 595 595
16 42 596 596
16 43 597 597
16 44 598 598
16 45 599 599
16 46 600 600
17 18 601 601
17 19 602 602
17 20 603 603
17 21 604 604
17 22 605 605
17 23 606 606
17 24 607 607
17 25 608 608
17 26 609 609
17 27 610 610
17 28 611 611
17 29 612 612
17 30 613 613
17 31 614 614
17 32 615 615
17 33 616 616
17 34 617 617
17 35 618 618
17 36 619 619
17 37 620 620
17 38 621 621
17 39 622 622
17 40 623 623
17 41 624 624
17 42 625 625
17 43 626 626
17 44 627 627
17 45 628 628
17 46 629 629
18 19 630 630
18 20 631 631
18 21 632 632
18 22 633 633
18 23 634 634
18 24 635 635
18 25 636 636
18 26 637 637
18 27 638 638
18 28 639 639
18 29 640 640
18 30 641 641
18 31 642 642
18 32 643 643
18 33 644 644
18 34 645 645
18 35 646 646
18 36 647 647
18 37 648 648
18 38 649 649
18 39 650 650
18 40 651 651
18 41 652 652
18 42 653 653
18 43 654 654
18 44 655 655
18 45 656 656
18 46 657 657
19 20 658 658
19 21 659 659
19 22 660 660
19 23 661 661
19 24 662 662
19 25 663 663
19 26 664 664
19 27 665 665
19 28 666 666
19 29 667 667
19 30 668 668
19 31 669 669
19 32 670 670
19 33 671 671
19 34 672 672
19 35 673 673
19 36 674 674
19 37 675 675
19 38 676 676
19 39 677 677
19 40 678 678
19 41 679 679
19 42 680 680
19 43 681 681
19 44 682 682
19 45 683 683
19 46 684 684
20 21 685 685
20 22 686 686
20 23 687 687
20 24 688 688
20 25 689 689
20 26 690 690
20 27 691 691
20 28 692 692
20 29 693 693
20 30 694 694
20 31 695 695
20 32 696 696
20 33 697 697
20 34 698 698
20 35 699 699
20 36 700 700
20 37 701 701
20 38 702 702
20 39 703 703
20 40 704 704
20 41 705 705
20 42 706 706
20 43 707 707
20 44 708 708
20 45 709 709
20 46 710 710
21 22 711 711
21 23 712 712
21 24 713 713
21 25 714 714
21 26 715 715
21 27 716 716
21 28 717 717
21 29 718 718
21 30 719 719
21 31 720 720
21 32 721 721
21 33 722 722
21 34 723 723
21 35 724 724
21 36 725 725
21 37 726 726
21 38 727 727
21 39 728 728
21 40 729 729
21 41 730 730
21 42 731 731
21 43 732 732
21 44 733 733
21 45 734 734
21 46 735 735
22 23 736 736
22 24 737 737
22 25 738 738
22 26 739 739
22 27 740 740
22 28 741 741
22 29 742 742
22 30 743 743
22 31 744 744
22 32 745 745
22 33 746 746
22 34 747 747
22 35 748 748
22 36 749 749
22 37 750 750
22 38 751 751
22 39 752 752
22 40 753 753
22 41 754 754
22 42 755 755
22 43 756 756
22 44 757 757
22 45 758 758
22 46 759 759
23 24 760 760
23 25 761 761
23 26 762 762
23 27 763 763
23 28 764 764
23 29 765 765
23 30 766 766
23 31 767 767
23 32 768 768
23 33 769 769
23 34 770 770
23 35 771 771
23 36 772 772
23 37 773 773
23 38 774 774
23 39 775 775
23 40 776 776
23 41 777 777
23 42 778 778
23 43 779 779
23 44 780 780
23 45 781 781
23 46 782 782
24 25 783 783
24 26 784 784
24 27 785 785
24 28 786 786
24 29 787 787
24 30 788 788
24 31 789 789
24 32 790 790
24 33 791 791
24 34 792 792
24 35 793 793
24 36 794 794
24 37 795 795
24 38 796 796
24 39 797 797
24 40 798 798
24 41 799 799
24 42 800 800
24 43 801 801
24 44 802 802
24 45 803 803
24 46 804 804
25 26 805 805
25 27 806 806
25 28 807 807
25 29 808 808
25 30 809 809
25 31 810 810
25 32 811 811
25 33 812 812
25 34 813 813
25 35 814 814
25 36 815 815
25 37 816 816
25 38 817 817
25 39 818 818
25 40 819 819
25 41 820 820
25 42 821 821
25 43 822 822
25 44 823 823
25 45 824 824
25 46 825 825
26 27 826 826
26 28 827 827
26 29 828 828
26 30 829 829
26 31 830 830
26 32 831 831
26 33 832 832
26 34 833 833
26 35 834 834
26 36 835 835
26 37 836 836
26 38 837 837
26 39 838 838
26 40 839 839
26 41 840 840
26 42 841 841
26 43 842 842
26 44 843 843
26 45 844 844
26 46 845 845
27 28 846 846
27 29 847 847
27 30 848 848
27 31 849 849
27 32 850 850
27 33 851 851
27 34 852 852
27 35 853 853
27 36 854 854
27 37 855 855
27 38 856 856
27 39 857 857
27 40 858 858
27 41 859 859
27 42 860 860
27 43 861 861
27 44 862 862
27 45 863 863
27 46 864 864
28 29 865 865
28 30 866 866
28 31 867 867
28 32 868 868
28 33 869 869
28 34 870 870
28 35 871 871
28 36 872 872
28 37 873 873
28 38 874 874
28 39 875 875
28 40 876 876
28 41 877 877
28 42 878 878
28 43 879 879
28 44 880 880
28 45 881 881
28 46 882 882
29 30 883 883
29 31 884 884
29 32 885 885
29 33 886 886
29 34 887 887
29 35 888 888
29 36 889 889
29 37 890 890
29 38 891 891
29 39 892 892
29 40 893 893
29 41 894 894
29 42 895 895
29 43 896 896
29 44 897 897
29 45 898 898
29 46 899 899
30 31 900 900
30 32 901 901
30 33 902 902
30 34 903 903
30 35 904 904
30 36 905 905
30 37 906 906
30 38 907 907
30 39 908 908
30 40 909 909
30 41 910 910
30 42 911 911
30 43 912 912
30 44 913 913
30 45 914 914
30 46 915 915
31 32 916 916
31 33 917 917
31 34 918 918
31 35 919 919
31 36 920 920
31 37 921 921
31 38 922 922
31 39 923 923
31 40 924 924
31 41 925 925
31 42 926 926
31 43 927 927
31 44 928 928
31 45 929 929
31 46 930 930
32 33 931 931
32 34 932 932
32 35 933 933
32 36 934 934
32 37 935 935
32 38 936 936
32 39 937 937
32 40 938 938
32 41 939 939
32 42 940 940
32 43 941 941
32 44 942 942
32 45 943 943
32 46 944 944
33 34 945 945
33 35 946 946
33 36 947 947
33 37 948 948
33 38 949 949
33 39 950 950
33 40 951 951
33 41 952 952
33 42 953 953
33 43 954 954
33 44 955 955
33 45 956 956
33 46 957 957
34 35 958 958
34 36 959 959
34 37 960 960
34 38 961 961
34 39 962 962
34 40 963 963
34 41 964 964
34 42 965 965
34 43 966 966
34 44 967 967
34 45 968 968
34 46 969 969
35 36 970 970
35 37 971 971
35 38 972 972
35 39 973 973
35 40 974 974
35 41 975 975
35 42 976 976
35 43 977 977
35 44 978 978
35 45 979 979
35 46 980 980
36 37 981 981
36 38 982 982
36 39 983 983
36 40 984 984
36 41 985 985
36 42 986 986
36 43 987 987
36 44 988 988
36 45 989 989
36 46 990 990
37 38 991 991
37 39 992 992
37 40 993 993
37 41 994 994
37 42 995 995
37 43 996 996
37 44 997 997
37 45 998 998
37 46 999 999
38 39 1000 1000
38 40 1001 1001
38 41 1002 1002
38 42 1003 1003
38 43 1004 1004
38 44 1005 1005
38 45 1006 1006
38 46 1007 1007
39 40 1008 1008
39 41 1009 1009
39 42 1010 1010
39 43 1011 1011
39 44 1012 1012
39 45 1013 1013
39 46 1014 1014
40 41 1015 1015
40 42 1016 1016
40 43 1017 1017
40 44 1018 1018
40 45 1019 1019
40 46 1020 1020
41 42 1021 1021
41 43 1022 1022
41 44 1023 1023
41 45 1024 1024
41 46 1025 1025
42 43 1026 1026
42 44 1027 1027
42 45 1028 1028
42 46 1029 1029
43 44 1030 1030
43 45 1031 1031
43 46 1032 1032
44 45 1033 1033
44 46 1034 1034
45 46 1035 1035
