1 2 1 1
1 3 2 2
1 4 3 3
1 5 4 4
1 6 5 5
1 7 6 6
1 8 7 7
1 9 8 8
1 10 9 9
1 11 10 10
1 12 11 11
1 13 12 12
1 14 13 13
1 15 14 14
1 16 15 15
1 17 16 16
1 18 17 17
2 3 18 18
2 4 19 19
2 5 20 20
2 6 21 21
2 7 22 22
2 8 23 23
2 9 24 24
2 10 25 25
2 11 26 26
2 12 27 27
2 13 28 28
2 14 29 29
2 15 30 30
2 16 31 31
2 17 32 32
2 18 33 33
3 4 34 34
3 5 35 35
3 6 36 36
3 7 37 37
3 8 38 38
3 9 39 39
3 10 40 40
3 11 41 41
3 12 42 42
3 13 43 43
3 14 44 44
3 15 45 45
3 16 46 46
3 17 47 47
3 18 48 48
4 5 49 49
4 6 50 50
4 7 51 51
4 8 52 52
4 9 53 53
4 10 54 54
4 11 55 55
4 12 56 56
4 13 57 57
4 14 58 58
4 15 59 59
4 16 60 60
4 17 61 61
4 18 62 62
5 6 63 63
5 7 64 64
5 8 65 65
5 9 66 66
5 10 67 67
5 11 68 68
5 12 69 69
5 13 70 70
5 14 71 71
5 15 72 72
5 16 73 73
5 17 74 74
5 18 75 75
6 7 76 76
6 8 77 77
6 9 78 78
6 10 79 79
6 11 80 80
6 12 81 81
6 13 82 82
6 14 83 83
6 15 84 84
6 16 85 85
6 17 86 86
6 18 87 87
7 8 88 88
7 9 89 89
7 10 90 90
7 11 91 91
7 12 92 92
7 13 93 93
7 14 94 94
7 15 95 95
7 16 96 96
7 17 97 97
7 18 98 98
8 9 99 99
8 10 100 100
8 11 101 101
8 12 102 102
8 13 103 103
8 14 104 104
8 15 105 105
8 16 106 106
8 17 107 107
8 18 108 108
9 10 109 109
9 11 110 110
9 12 111 111
9 13 112 112
9 14 113 113
9 15 114 114
9 16 115 115
9 17 116 116
9 18 117 117
10 11 118 118
10 12 119 119
10 13 120 120
10 14 121 121
10 15 122 122
10 16 123 123
10 17 124 124
10 18 125 125
11 12 126 126
11 13 127 127
11 14 128 128
11 15 129 129
11 16 130 130
11 17 131 131
11 18 132 132
12 13 133 133
12 14 134 134
12 15 135 135
12 16 136 136
12 17 137 137
12 18 138 138
13 14 139 139
13 15 140 140
13 16 141 141
13 17 142 142
13 18 143 143
14 15 144 144
14 16 145 145
14 17 146 146
14 18 147 147
15 16 148 148
15 17 149 149
15 18 150 150
16 17 151 151
16 18 152 152
17 18 153 153
