1 2 1 1
1 3 2 2
1 4 3 3
1 5 4 4
1 6 5 5
1 7 6 6
1 8 7 7
1 9 8 8
1 10 9 9
1 11 10 10
1 12 11 11
1 13 12 12
1 14 13 13
1 15 14 14
1 16 15 15
1 17 16 16
1 18 17 17
1 19 18 18
1 20 19 19
1 21 20 20
1 22 21 21
1 23 22 22
1 24 23 23
1 25 24 24
2 3 25 25
2 4 26 26
2 5 27 27
2 6 28 28
2 7 29 29
2 8 30 30
2 9 31 31
2 10 32 32
2 11 33 33
2 12 34 34
2 13 35 35
2 14 36 36
2 15 37 37
2 16 38 38
2 17 39 39
2 18 40 40
2 19 41 41
2 20 42 42
2 21 43 43
2 22 44 44
2 23 45 45
2 24 46 46
2 25 47 47
3 4 48 48
3 5 49 49
3 6 50 50
3 7 51 51
3 8 52 52
3 9 53 53
3 10 54 54
3 11 55 55
3 12 56 56
3 13 57 57
3 14 58 58
3 15 59 59
3 16 60 60
3 17 61 61
3 18 62 62
3 19 63 63
3 20 64 64
3 21 65 65
3 22 66 66
3 23 67 67
3 24 68 68
3 25 69 69
4 5 70 70
4 6 71 71
4 7 72 72
4 8 73 73
4 9 74 74
4 10 75 75
4 11 76 76
4 12 77 77
4 13 78 78
4 14 79 79
4 15 80 80
4 16 81 81
4 17 82 82
4 18 83 83
4 19 84 84
4 20 85 85
4 21 86 86
4 22 87 87
4 23 88 88
4 24 89 89
4 25 90 90
5 6 91 91
5 7 92 92
5 8 93 93
5 9 94 94
5 10 95 95
5 11 96 96
5 12 97 97
5 13 98 98
5 14 99 99
5 15 100 100
5 16 101 101
5 17 102 102
5 18 103 103
5 19 104 104
5 20 105 105
5 21 106 106
5 22 107 107
5 23 108 108
5 24 109 109
5 25 110 110
6 7 111 111
6 8 112 112
6 9 113 113
6 10 114 114
6 11 115 115
6 12 116 116
6 13 117 117
6 14 118 118
6 15 119 119
6 16 120 120
6 17 121 121
6 18 122 122
6 19 123 123
6 20 124 124
6 21 125 125
6 22 126 126
6 23 127 127
6 24 128 128
6 25 129 129
7 8 130 130
7 9 131 131
7 10 132 132
7 11 133 133
7 12 134 134
7 13 135 135
7 14 136 136
7 15 137 137
7 16 138 138
7 17 139 139
7 18 140 140
7 19 141 141
7 20 142 142
7 21 143 143
7 22 144 144
7 23 145 145
7 24 146 146
7 25 147 147
8 9 148 148
8 10 149 149
8 11 150 150
8 12 151 151
8 13 152 152
8 14 153 153
8 15 154 154
8 16 155 155
8 17 156 156
8 18 157 157
8 19 158 158
8 20 159 159
8 21 160 160
8 22 161 161
8 23 162 162
8 24 163 163
8 25 164 164
9 10 165 165
9 11 166 166
9 12 167 167
9 13 168 168
9 14 169 169
9 15 170 170
9 16 171 171
9 17 172 172
9 18 173 173
9 19 174 174
9 20 175 175
9 21 176 176
9 22 177 177
9 23 178 178
9 24 179 179
9 25 180 180
10 11 181 181
10 12 182 182
10 13 183 183
10 14 184 184
10 15 185 185
10 16 186 186
10 17 187 187
10 18 188 188
10 19 189 189
10 20 190 190
10 21 191 191
10 22 192 192
10 23 193 193
10 24 194 194
10 25 195 195
11 12 196 196
11 13 197 197
11 14 198 198
11 15 199 199
11 16 200 200
11 17 201 201
11 18 202 202
11 19 203 203
11 20 204 204
11 21 205 205
11 22 206 206
11 23 207 207
11 24 208 208
11 25 209 209
12 13 210 210
12 14 211 211
12 15 212 212
12 16 213 213
12 17 214 214
12 18 215 215
12 19 216 216
12 20 217 217
12 21 218 218
12 22 219 219
12 23 220 220
12 24 221 221
12 25 222 222
13 14 223 223
13 15 224 224
13 16 225 225
13 17 226 226
13 18 227 227
13 19 228 228
13 20 229 229
13 21 230 230
13 22 231 231
13 23 232 232
13 24 233 233
13 25 234 234
14 15 235 235
14 16 236 236
14 17 237 237
14 18 238 238
14 19 239 239
14 20 240 240
14 21 241 241
14 22 242 242
14 23 243 243
14 24 244 244
14 25 245 245
15 16 246 246
15 17 247 247
15 18 248 248
15 19 249 249
15 20 250 250
15 21 251 251
15 22 252 252
15 23 253 253
15 24 254 254
15 25 255 255
16 17 256 256
16 18 257 257
16 19 258 258
16 20 259 259
16 21 260 260
16 22 261 261
16 23 262 262
16 24 263 263
16 25 264 264
17 18 265 265
17 19 266 266
17 20 267 267
17 21 268 268
17 22 269 269
17 23 270 270
17 24 271 271
17 25 272 272
18 19 273 273
18 20 274 274
18 21 275 275
18 22 276 276
18 23 277 277
18 24 278 278
18 25 279 279
19 20 280 280
19 21 281 281
19 22 282 282
19 23 283 283
19 24 284 284
19 25 285 285
20 21 286 286
20 22 287 287
20 23 288 288
20 24 289 289
20 25 290 290
21 22 291 291
21 23 292 292
21 24 293 293
21 25 294 294
22 23 295 295
22 24 296 296
22 25 297 297
23 24 298 298
23 25 299 299
24 25 300 300
