1 2 1 1
1 3 2 2
1 4 3 3
1 5 4 4
1 6 5 5
1 7 6 6
1 8 7 7
1 9 8 8
1 10 9 9
1 11 10 10
1 12 11 11
1 13 12 12
1 14 13 13
1 15 14 14
1 16 15 15
1 17 16 16
1 18 17 17
1 19 18 18
1 20 19 19
1 21 20 20
1 22 21 21
1 23 22 22
2 3 23 23
2 4 24 24
2 5 25 25
2 6 26 26
2 7 27 27
2 8 28 28
2 9 29 29
2 10 30 30
2 11 31 31
2 12 32 32
2 13 33 33
2 14 34 34
2 15 35 35
2 16 36 36
2 17 37 37
2 18 38 38
2 19 39 39
2 20 40 40
2 21 41 41
2 22 42 42
2 23 43 43
3 4 44 44
3 5 45 45
3 6 46 46
3 7 47 47
3 8 48 48
3 9 49 49
3 10 50 50
3 11 51 51
3 12 52 52
3 13 53 53
3 14 54 54
3 15 55 55
3 16 56 56
3 17 57 57
3 18 58 58
3 19 59 59
3 20 60 60
3 21 61 61
3 22 62 62
3 23 63 63
4 5 64 64
4 6 65 65
4 7 66 66
4 8 67 67
4 9 68 68
4 10 69 69
4 11 70 70
4 12 71 71
4 13 72 72
4 14 73 73
4 15 74 74
4 16 75 75
4 17 76 76
4 18 77 77
4 19 78 78
4 20 79 79
4 21 80 80
4 22 81 81
4 23 82 82
5 6 83 83
5 7 84 84
5 8 85 85
5 9 86 86
5 10 87 87
5 11 88 88
5 12 89 89
5 13 90 90
5 14 91 91
5 15 92 92
5 16 93 93
5 17 94 94
5 18 95 95
5 19 96 96
5 20 97 97
5 21 98 98
5 22 99 99
5 23 100 100
6 7 101 101
6 8 102 102
6 9 103 103
6 10 104 104
6 11 105 105
6 12 106 106
6 13 107 107
6 14 108 108
6 15 109 109
6 16 110 110
6 17 111 111
6 18 112 112
6 19 113 113
6 20 114 114
6 21 115 115
6 22 116 116
6 23 117 117
7 8 118 118
7 9 119 119
7 10 120 120
7 11 121 121
7 12 122 122
7 13 123 123
7 14 124 124
7 15 125 125
7 16 126 126
7 17 127 127
7 18 128 128
7 19 129 129
7 20 130 130
7 21 131 131
7 22 132 132
7 23 133 133
8 9 134 134
8 10 135 135
8 11 136 136
8 12 137 137
8 13 138 138
8 14 139 139
8 15 140 140
8 16 141 141
8 17 142 142
8 18 143 143
8 19 144 144
8 20 145 145
8 21 146 146
8 22 147 147
8 23 148 148
9 10 149 149
9 11 150 150
9 12 151 151
9 13 152 152
9 14 153 153
9 15 154 154
9 16 155 155
9 17 156 156
9 18 157 157
9 19 158 158
9 20 159 159
9 21 160 160
9 22 161 161
9 23 162 162
10 11 163 163
10 12 164 164
10 13 165 165
10 14 166 166
10 15 167 167
10 16 168 168
10 17 169 169
10 18 170 170
10 19 171 171
10 20 172 172
10 21 173 173
10 22 174 174
10 23 175 175
11 12 176 176
11 13 177 177
11 14 178 178
11 15 179 179
11 16 180 180
11 17 181 181
11 18 182 182
11 19 183 183
11 20 184 184
11 21 185 185
11 22 186 186
11 23 187 187
12 13 188 188
12 14 189 189
12 15 190 190
12 16 191 191
12 17 192 192
12 18 193 193
12 19 194 194
12 20 195 195
12 21 196 196
12 22 197 197
12 23 198 198
13 14 199 199
13 15 200 200
13 16 201 201
13 17 202 202
13 18 203 203
13 19 204 204
13 20 205 205
13 21 206 206
13 22 207 207
13 23 208 208
14 15 209 209
14 16 210 210
14 17 211 211
14 18 212 212
14 19 213 213
14 20 214 214
14 21 215 215
14 22 216 216
14 23 217 217
15 16 218 218
15 17 219 219
15 18 220 220
15 19 221 221
15 20 222 222
15 21 223 223
15 22 224 224
15 23 225 225
16 17 226 226
16 18 227 227
16 19 228 228
16 20 229 229
16 21 230 230
16 22 231 231
16 23 232 232
17 18 233 233
17 19 234 234
17 20 235 235
17 21 236 236
17 22 237 237
17 23 238 238
18 19 239 239
18 20 240 240
18 21 241 241
18 22 242 242
18 23 243 243
19 20 244 244
19 21 245 245
19 22 246 246
19 23 247 247
20 21 248 248
20 22 249 249
20 23 250 250
21 22 251 251
21 23 252 252
22 23 253 253
