1 2 1 1
1 3 2 2
1 4 3 3
1 5 4 4
1 6 5 5
1 7 6 6
1 8 7 7
1 9 8 8
1 10 9 9
1 11 10 10
1 12 11 11
1 13 12 12
1 14 13 13
1 15 14 14
1 16 15 15
1 17 16 16
1 18 17 17
1 19 18 18
1 20 19 19
1 21 20 20
1 22 21 21
1 23 22 22
1 24 23 23
1 25 24 24
1 26 25 25
1 27 26 26
1 28 27 27
1 29 28 28
1 30 29 29
1 31 30 30
1 32 31 31
1 33 32 32
1 34 33 33
1 35 34 34
1 36 35 35
1 37 36 36
1 38 37 37
1 39 38 38
2 3 39 39
2 4 40 40
2 5 41 41
2 6 42 42
2 7 43 43
2 8 44 44
2 9 45 45
2 10 46 46
2 11 47 47
2 12 48 48
2 13 49 49
2 14 50 50
2 15 51 51
2 16 52 52
2 17 53 53
2 18 54 54
2 19 55 55
2 20 56 56
2 21 57 57
2 22 58 58
2 23 59 59
2 24 60 60
2 25 61 61
2 26 62 62
2 27 63 63
2 28 64 64
2 29 65 65
2 30 66 66
2 31 67 67
2 32 68 68
2 33 69 69
2 34 70 70
2 35 71 71
2 36 72 72
2 37 73 73
2 38 74 74
2 39 75 75
3 4 76 76
3 5 77 77
3 6 78 78
3 7 79 79
3 8 80 80
3 9 81 81
3 10 82 82
3 11 83 83
3 12 84 84
3 13 85 85
3 14 86 86
3 15 87 87
3 16 88 88
3 17 89 89
3 18 90 90
3 19 91 91
3 20 92 92
3 21 93 93
3 22 94 94
3 23 95 95
3 24 96 96
3 25 97 97
3 26 98 98
3 27 99 99
3 28 100 100
3 29 101 101
3 30 102 102
3 31 103 103
3 32 104 104
3 33 105 105
3 34 106 106
3 35 107 107
3 36 108 108
3 37 109 109
3 38 110 110
3 39 111 111
4 5 112 112
4 6 113 113
4 7 114 114
4 8 115 115
4 9 116 116
4 10 117 117
4 11 118 118
4 12 119 119
4 13 120 120
4 14 121 121
4 15 122 122
4 16 123 123
4 17 124 124
4 18 125 125
4 19 126 126
4 20 127 127
4 21 128 128
4 22 129 129
4 23 130 130
4 24 131 131
4 25 132 132
4 26 133 133
4 27 134 134
4 28 135 135
4 29 136 136
4 30 137 137
4 31 138 138
4 32 139 139
4 33 140 140
4 34 141 141
4 35 142 142
4 36 143 143
4 37 144 144
4 38 145 145
4 39 146 146
5 6 147 147
5 7 148 148
5 8 149 149
5 9 150 150
5 10 151 151
5 11 152 152
5 12 153 153
5 13 154 154
5 14 155 155
5 15 156 156
5 16 157 157
5 17 158 158
5 18 159 159
5 19 160 160
5 20 161 161
5 21 162 162
5 22 163 163
5 23 164 164
5 24 165 165
5 25 166 166
5 26 167 167
5 27 168 168
5 28 169 169
5 29 170 170
5 30 171 171
5 31 172 172
5 32 173 173
5 33 174 174
5 34 175 175
5 35 176 176
5 36 177 177
5 37 178 178
5 38 179 179
5 39 180 180
6 7 181 181
6 8 182 182
6 9 183 183
6 10 184 184
6 11 185 185
6 12 186 186
6 13 187 187
6 14 188 188
6 15 189 189
6 16 190 190
6 17 191 191
6 18 192 192
6 19 193 193
6 20 194 194
6 21 195 195
6 22 196 196
6 23 197 197
6 24 198 198
6 25 199 199
6 26 200 200
6 27 201 201
6 28 202 202
6 29 203 203
6 30 204 204
6 31 205 205
6 32 206 206
6 33 207 207
6 34 208 208
6 35 209 209
6 36 210 210
6 37 211 211
6 38 212 212
6 39 213 213
7 8 214 214
7 9 215 215
7 10 216 216
7 11 217 217
7 12 218 218
7 13 219 219
7 14 220 220
7 15 221 221
7 16 222 222
7 17 223 223
7 18 224 224
7 19 225 225
7 20 226 226
7 21 227 227
7 22 228 228
7 23 229 229
7 24 230 230
7 25 231 231
7 26 232 232
7 27 233 233
7 28 234 234
7 29 235 235
7 30 236 236
7 31 237 237
7 32 238 238
7 33 239 239
7 34 240 240
7 35 241 241
7 36 242 242
7 37 243 243
7 38 244 244
7 39 245 245
8 9 246 246
8 10 247 247
8 11 248 248
8 12 249 249
8 13 250 250
8 14 251 251
8 15 252 252
8 16 253 253
8 17 254 254
8 18 255 255
8 19 256 256
8 20 257 257
8 21 258 258
8 22 259 259
8 23 260 260
8 24 261 261
8 25 262 262
8 26 263 263
8 27 264 264
8 28 265 265
8 29 266 266
8 30 267 267
8 31 268 268
8 32 269 269
8 33 270 270
8 34 271 271
8 35 272 272
8 36 273 273
8 37 274 274
8 38 275 275
8 39 276 276
9 10 277 277
9 11 278 278
9 12 279 279
9 13 280 280
9 14 281 281
9 15 282 282
9 16 283 283
9 17 284 284
9 18 285 285
9 19 286 286
9 20 287 287
9 21 288 288
9 22 289 289
9 23 290 290
9 24 291 291
9 25 292 292
9 26 293 293
9 27 294 294
9 28 295 295
9 29 296 296
9 30 297 297
9 31 298 298
9 32 299 299
9 33 300 300
9 34 301 301
9 35 302 302
9 36 303 303
9 37 304 304
9 38 305 305
9 39 306 306
10 11 307 307
10 12 308 308
10 13 309 309
10 14 310 310
10 15 311 311
10 16 312 312
10 17 313 313
10 18 314 314
10 19 315 315
10 20 316 316
10 21 317 317
10 22 318 318
10 23 319 319
10 24 320 320
10 25 321 321
10 26 322 322
10 27 323 323
10 28 324 324
10 29 325 325
10 30 326 326
10 31 327 327
10 32 328 328
10 33 329 329
10 34 330 330
10 35 331 331
10 36 332 332
10 37 333 333
10 38 334 334
10 39 335 335
11 12 336 336
11 13 337 337
11 14 338 338
11 15 339 339
11 16 340 340
11 17 341 341
11 18 342 342
11 19 343 343
11 20 344 344
11 21 345 345
11 22 346 346
11 23 347 347
11 24 348 348
11 25 349 349
11 26 350 350
11 27 351 351
11 28 352 352
11 29 353 353
11 30 354 354
11 31 355 355
11 32 356 356
11 33 357 357
11 34 358 358
11 35 359 359
11 36 360 360
11 37 361 361
11 38 362 362
11 39 363 363
12 13 364 364
12 14 365 365
12 15 366 366
12 16 367 367
12 17 368 368
12 18 369 369
12 19 370 370
12 20 371 371
12 21 372 372
12 22 373 373
12 23 374 374
12 24 375 375
12 25 376 376
12 26 377 377
12 27 378 378
12 28 379 379
12 29 380 380
12 30 381 381
12 31 382 382
12 32 383 383
12 33 384 384
12 34 385 385
12 35 386 386
12 36 387 387
12 37 388 388
12 38 389 389
12 39 390 390
13 14 391 391
13 15 392 392
13 16 393 393
13 17 394 394
13 18 395 395
13 19 396 396
13 20 397 397
13 21 398 398
13 22 399 399
13 23 400 400
13 24 401 401
13 25 402 402
13 26 403 403
13 27 404 404
13 28 405 405
13 29 406 406
13 30 407 407
13 31 408 408
13 32 409 409
13 33 410 410
13 34 411 411
13 35 412 412
13 36 413 413
13 37 414 414
13 38 415 415
13 39 416 416
14 15 417 417
14 16 418 418
14 17 419 419
14 18 420 420
14 19 421 421
14 20 422 422
14 21 423 423
14 22 424 424
14 23 425 425
14 24 426 426
14 25 427 427
14 26 428 428
14 27 429 429
14 28 430 430
14 29 431 431
14 30 432 432
14 31 433 433
14 32 434 434
14 33 435 435
14 34 436 436
14 35 437 437
14 36 438 438
14 37 439 439
14 38 440 440
14 39 441 441
15 16 442 442
15 17 443 443
15 18 444 444
15 19 445 445
15 20 446 446
15 21 447 447
15 22 448 448
15 23 449 449
15 24 450 450
15 25 451 451
15 26 452 452
15 27 453 453
15 28 454 454
15 29 455 455
15 30 456 456
15 31 457 457
15 32 458 458
15 33 459 459
15 34 460 460
15 35 461 461
15 36 462 462
15 37 463 463
15 38 464 464
15 39 465 465
16 17 466 466
16 18 467 467
16 19 468 468
16 20 469 469
16 21 470 470
16 22 471 471
16 23 472 472
16 24 473 473
16 25 474 474
16 26 475 475
16 27 476 476
16 28 477 477
16 29 478 478
16 30 479 479
16 31 480 480
16 32 481 481
16 33 482 482
16 34 483 483
16 35 484 484
16 36 485 485
16 37 486 486
16 38 487 487
16 39 488 488
17 18 489 489
17 19 490 490
17 20 491 491
17 21 492 492
17 22 493 493
17 23 494 494
17 24 495 495
17 25 496 496
17 26 497 497
17 27 498 498
17 28 499 499
17 29 500 500
17 30 501 501
17 31 502 502
17 32 503 503
17 33 504 504
17 34 505 505
17 35 506 506
17 36 507 507
17 37 508 508
17 38 509 509
17 39 510 510
18 19 511 511
18 20 512 512
18 21 513 513
18 22 514 514
18 23 515 515
18 24 516 516
18 25 517 517
18 26 518 518
18 27 519 519
18 28 520 520
18 29 521 521
18 30 522 522
18 31 523 523
18 32 524 524
18 33 525 525
18 34 526 526
18 35 527 527
18 36 528 528
18 37 529 529
18 38 530 530
18 39 531 531
19 20 532 532
19 21 533 533
19 22 534 534
19 23 535 535
19 24 536 536
19 25 537 537
19 26 538 538
19 27 539 539
19 28 540 540
19 29 541 541
19 30 542 542
19 31 543 543
19 32 544 544
19 33 545 545
19 34 546 546
19 35 547 547
19 36 548 548
19 37 549 549
19 38 550 550
19 39 551 551
20 21 552 552
20 22 553 553
20 23 554 554
20 24 555 555
20 25 556 556
20 26 557 557
20 27 558 558
20 28 559 559
20 29 560 560
20 30 561 561
20 31 562 562
20 32 563 563
20 33 564 564
20 34 565 565
20 35 566 566
20 36 567 567
20 37 568 568
20 38 569 569
20 39 570 570
21 22 571 571
21 23 572 572
21 24 573 573
21 25 574 574
21 26 575 575
21 27 576 576
21 28 577 577
21 29 578 578
21 30 579 579
21 31 580 580
21 32 581 581
21 33 582 582
21 34 583 583
21 35 584 584
21 36 585 585
21 37 586 586
21 38 587 587
21 39 588 588
22 23 589 589
22 24 590 590
22 25 591 591
22 26 592 592
22 27 593 593
22 28 594 594
22 29 595 595
22 30 596 596
22 31 597 597
22 32 598 598
22 33 599 599
22 34 600 600
22 35 601 601
22 36 602 602
22 37 603 603
22 38 604 604
22 39 605 605
23 24 606 606
23 25 607 607
23 26 608 608
23 27 609 609
23 28 610 610
23 29 611 611
23 30 612 612
23 31 613 613
23 32 614 614
23 33 615 615
23 34 616 616
23 35 617 617
23 36 618 618
23 37 619 619
23 38 620 620
23 39 621 621
24 25 622 622
24 26 623 623
24 27 624 624
24 28 625 625
24 29 626 626
24 30 627 627
24 31 628 628
24 32 629 629
24 33 630 630
24 34 631 631
24 35 632 632
24 36 633 633
24 37 634 634
24 38 635 635
24 39 636 636
25 26 637 637
25 27 638 638
25 28 639 639
25 29 640 640
25 30 641 641
25 31 642 642
25 32 643 643
25 33 644 644
25 34 645 645
25 35 646 646
25 36 647 647
25 37 648 648
25 38 649 649
25 39 650 650
26 27 651 651
26 28 652 652
26 29 653 653
26 30 654 654
26 31 655 655
26 32 656 656
26 33 657 657
26 34 658 658
26 35 659 659
26 36 660 660
26 37 661 661
26 38 662 662
26 39 663 663
27 28 664 664
27 29 665 665
27 30 666 666
27 31 667 667
27 32 668 668
27 33 669 669
27 34 670 670
27 35 671 671
27 36 672 672
27 37 673 673
27 38 674 674
27 39 675 675
28 29 676 676
28 30 677 677
28 31 678 678
28 32 679 679
28 33 680 680
28 34 681 681
28 35 682 682
28 36 683 683
28 37 684 684
28 38 685 685
28 39 686 686
29 30 687 687
29 31 688 688
29 32 689 689
29 33 690 690
29 34 691 691
29 35 692 692
29 36 693 693
29 37 694 694
29 38 695 695
29 39 696 696
30 31 697 697
30 32 698 698
30 33 699 699
30 34 700 700
30 35 701 701
30 36 702 702
30 37 703 703
30 38 704 704
30 39 705 705
31 32 706 706
31 33 707 707
31 34 708 708
31 35 709 709
31 36 710 710
31 37 711 711
31 38 712 712
31 39 713 713
32 33 714 714
32 34 715 715
32 35 716 716
32 36 717 717
32 37 718 718
32 38 719 719
32 39 720 720
33 34 721 721
33 35 722 722
33 36 723 723
33 37 724 724
33 38 725 725
33 39 726 726
34 35 727 727
34 36 728 728
34 37 729 729
34 38 730 730
34 39 731 731
35 36 732 732
35 37 733 733
35 38 734 734
35 39 735 735
36 37 736 736
36 38 737 737
36 39 738 738
37 38 739 739
37 39 740 740
38 39 741 741
