1 2 1 1
1 3 2 2
1 4 3 3
1 5 4 4
1 6 5 5
1 7 6 6
1 8 7 7
1 9 8 8
1 10 9 9
1 11 10 10
1 12 11 11
1 13 12 12
1 14 13 13
1 15 14 14
1 16 15 15
1 17 16 16
1 18 17 17
1 19 18 18
1 20 19 19
1 21 20 20
1 22 21 21
1 23 22 22
1 24 23 23
1 25 24 24
1 26 25 25
1 27 26 26
1 28 27 27
1 29 28 28
1 30 29 29
1 31 30 30
1 32 31 31
1 33 32 32
1 34 33 33
1 35 34 34
1 36 35 35
1 37 36 36
1 38 37 37
1 39 38 38
1 40 39 39
1 41 40 40
1 42 41 41
1 43 42 42
1 44 43 43
2 3 44 44
2 4 45 45
2 5 46 46
2 6 47 47
2 7 48 48
2 8 49 49
2 9 50 50
2 10 51 51
2 11 52 52
2 12 53 53
2 13 54 54
2 14 55 55
2 15 56 56
2 16 57 57
2 17 58 58
2 18 59 59
2 19 60 60
2 20 61 61
2 21 62 62
2 22 63 63
2 23 64 64
2 24 65 65
2 25 66 66
2 26 67 67
2 27 68 68
2 28 69 69
2 29 70 70
2 30 71 71
2 31 72 72
2 32 73 73
2 33 74 74
2 34 75 75
2 35 76 76
2 36 77 77
2 37 78 78
2 38 79 79
2 39 80 80
2 40 81 81
2 41 82 82
2 42 83 83
2 43 84 84
2 44 85 85
3 4 86 86
3 5 87 87
3 6 88 88
3 7 89 89
3 8 90 90
3 9 91 91
3 10 92 92
3 11 93 93
3 12 94 94
3 13 95 95
3 14 96 96
3 15 97 97
3 16 98 98
3 17 99 99
3 18 100 100
3 19 101 101
3 20 102 102
3 21 103 103
3 22 104 104
3 23 105 105
3 24 106 106
3 25 107 107
3 26 108 108
3 27 109 109
3 28 110 110
3 29 111 111
3 30 112 112
3 31 113 113
3 32 114 114
3 33 115 115
3 34 116 116
3 35 117 117
3 36 118 118
3 37 119 119
3 38 120 120
3 39 121 121
3 40 122 122
3 41 123 123
3 42 124 124
3 43 125 125
3 44 126 126
4 5 127 127
4 6 128 128
4 7 129 129
4 8 130 130
4 9 131 131
4 10 132 132
4 11 133 133
4 12 134 134
4 13 135 135
4 14 136 136
4 15 137 137
4 16 138 138
4 17 139 139
4 18 140 140
4 19 141 141
4 20 142 142
4 21 143 143
4 22 144 144
4 23 145 145
4 24 146 146
4 25 147 147
4 26 148 148
4 27 149 149
4 28 150 150
4 29 151 151
4 30 152 152
4 31 153 153
4 32 154 154
4 33 155 155
4 34 156 156
4 35 157 157
4 36 158 158
4 37 159 159
4 38 160 160
4 39 161 161
4 40 162 162
4 41 163 163
4 42 164 164
4 43 165 165
4 44 166 166
5 6 167 167
5 7 168 168
5 8 169 169
5 9 170 170
5 10 171 171
5 11 172 172
5 12 173 173
5 13 174 174
5 14 175 175
5 15 176 176
5 16 177 177
5 17 178 178
5 18 179 179
5 19 180 180
5 20 181 181
5 21 182 182
5 22 183 183
5 23 184 184
5 24 185 185
5 25 186 186
5 26 187 187
5 27 188 188
5 28 189 189
5 29 190 190
5 30 191 191
5 31 192 192
5 32 193 193
5 33 194 194
5 34 195 195
5 35 196 196
5 36 197 197
5 37 198 198
5 38 199 199
5 39 200 200
5 40 201 201
5 41 202 202
5 42 203 203
5 43 204 204
5 44 205 205
6 7 206 206
6 8 207 207
6 9 208 208
6 10 209 209
6 11 210 210
6 12 211 211
6 13 212 212
6 14 213 213
6 15 214 214
6 16 215 215
6 17 216 216
6 18 217 217
6 19 218 218
6 20 219 219
6 21 220 220
6 22 221 221
6 23 222 222
6 24 223 223
6 25 224 224
6 26 225 225
6 27 226 226
6 28 227 227
6 29 228 228
6 30 229 229
6 31 230 230
6 32 231 231
6 33 232 232
6 34 233 233
6 35 234 234
6 36 235 235
6 37 236 236
6 38 237 237
6 39 238 238
6 40 239 239
6 41 240 240
6 42 241 241
6 43 242 242
6 44 243 243
7 8 244 244
7 9 245 245
7 10 246 246
7 11 247 247
7 12 248 248
7 13 249 249
7 14 250 250
7 15 251 251
7 16 252 252
7 17 253 253
7 18 254 254
7 19 255 255
7 20 256 256
7 21 257 257
7 22 258 258
7 23 259 259
7 24 260 260
7 25 261 261
7 26 262 262
7 27 263 263
7 28 264 264
7 29 265 265
7 30 266 266
7 31 267 267
7 32 268 268
7 33 269 269
7 34 270 270
7 35 271 271
7 36 272 272
7 37 273 273
7 38 274 274
7 39 275 275
7 40 276 276
7 41 277 277
7 42 278 278
7 43 279 279
7 44 280 280
8 9 281 281
8 10 282 282
8 11 283 283
8 12 284 284
8 13 285 285
8 14 286 286
8 15 287 287
8 16 288 288
8 17 289 289
8 18 290 290
8 19 291 291
8 20 292 292
8 21 293 293
8 22 294 294
8 23 295 295
8 24 296 296
8 25 297 297
8 26 298 298
8 27 299 299
8 28 300 300
8 29 301 301
8 30 302 302
8 31 303 303
8 32 304 304
8 33 305 305
8 34 306 306
8 35 307 307
8 36 308 308
8 37 309 309
8 38 310 310
8 39 311 311
8 40 312 312
8 41 313 313
8 42 314 314
8 43 315 315
8 44 316 316
9 10 317 317
9 11 318 318
9 12 319 319
9 13 320 320
9 14 321 321
9 15 322 322
9 16 323 323
9 17 324 324
9 18 325 325
9 19 326 326
9 20 327 327
9 21 328 328
9 22 329 329
9 23 330 330
9 24 331 331
9 25 332 332
9 26 333 333
9 27 334 334
9 28 335 335
9 29 336 336
9 30 337 337
9 31 338 338
9 32 339 339
9 33 340 340
9 34 341 341
9 35 342 342
9 36 343 343
9 37 344 344
9 38 345 345
9 39 346 346
9 40 347 347
9 41 348 348
9 42 349 349
9 43 350 350
9 44 351 351
10 11 352 352
10 12 353 353
10 13 354 354
10 14 355 355
10 15 356 356
10 16 357 357
10 17 358 358
10 18 359 359
10 19 360 360
10 20 361 361
10 21 362 362
10 22 363 363
10 23 364 364
10 24 365 365
10 25 366 366
10 26 367 367
10 27 368 368
10 28 369 369
10 29 370 370
10 30 371 371
10 31 372 372
10 32 373 373
10 33 374 374
10 34 375 375
10 35 376 376
10 36 377 377
10 37 378 378
10 38 379 379
10 39 380 380
10 40 381 381
10 41 382 382
10 42 383 383
10 43 384 384
10 44 385 385
11 12 386 386
11 13 387 387
11 14 388 388
11 15 389 389
11 16 390 390
11 17 391 391
11 18 392 392
11 19 393 393
11 20 394 394
11 21 395 395
11 22 396 396
11 23 397 397
11 24 398 398
11 25 399 399
11 26 400 400
11 27 401 401
11 28 402 402
11 29 403 403
11 30 404 404
11 31 405 405
11 32 406 406
11 33 407 407
11 34 408 408
11 35 409 409
11 36 410 410
11 37 411 411
11 38 412 412
11 39 413 413
11 40 414 414
11 41 415 415
11 42 416 416
11 43 417 417
11 44 418 418
12 13 419 419
12 14 420 420
12 15 421 421
12 16 422 422
12 17 423 423
12 18 424 424
12 19 425 425
12 20 426 426
12 21 427 427
12 22 428 428
12 23 429 429
12 24 430 430
12 25 431 431
12 26 432 432
12 27 433 433
12 28 434 434
12 29 435 435
12 30 436 436
12 31 437 437
12 32 438 438
12 33 439 439
12 34 440 440
12 35 441 441
12 36 442 442
12 37 443 443
12 38 444 444
12 39 445 445
12 40 446 446
12 41 447 447
12 42 448 448
12 43 449 449
12 44 450 450
13 14 451 451
13 15 452 452
13 16 453 453
13 17 454 454
13 18 455 455
13 19 456 456
13 20 457 457
13 21 458 458
13 22 459 459
13 23 460 460
13 24 461 461
13 25 462 462
13 26 463 463
13 27 464 464
13 28 465 465
13 29 466 466
13 30 467 467
13 31 468 468
13 32 469 469
13 33 470 470
13 34 471 471
13 35 472 472
13 36 473 473
13 37 474 474
13 38 475 475
13 39 476 476
13 40 477 477
13 41 478 478
13 42 479 479
13 43 480 480
13 44 481 481
14 15 482 482
14 16 483 483
14 17 484 484
14 18 485 485
14 19 486 486
14 20 487 487
14 21 488 488
14 22 489 489
14 23 490 490
14 24 491 491
14 25 492 492
14 26 493 493
14 27 494 494
14 28 495 495
14 29 496 496
14 30 497 497
14 31 498 498
14 32 499 499
14 33 500 500
14 34 501 501
14 35 502 502
14 36 503 503
14 37 504 504
14 38 505 505
14 39 506 506
14 40 507 507
14 41 508 508
14 42 509 509
14 43 510 510
14 44 511 511
15 16 512 512
15 17 513 513
15 18 514 514
15 19 515 515
15 20 516 516
15 21 517 517
15 22 518 518
15 23 519 519
15 24 520 520
15 25 521 521
15 26 522 522
15 27 523 523
15 28 524 524
15 29 525 525
15 30 526 526
15 31 527 527
15 32 528 528
15 33 529 529
15 34 530 530
15 35 531 531
15 36 532 532
15 37 533 533
15 38 534 534
15 39 535 535
15 40 536 536
15 41 537 537
15 42 538 538
15 43 539 539
15 44 540 540
16 17 541 541
16 18 542 542
16 19 543 543
16 20 544 544
16 21 545 545
16 22 546 546
16 23 547 547
16 24 548 548
16 25 549 549
16 26 550 550
16 27 551 551
16 28 552 552
16 29 553 553
16 30 554 554
16 31 555 555
16 32 556 556
16 33 557 557
16 34 558 558
16 35 559 559
16 36 560 560
16 37 561 561
16 38 562 562
16 39 563 563
16 40 564 564
16 41 565 565
16 42 566 566
16 43 567 567
16 44 568 568
17 18 569 569
17 19 570 570
17 20 571 571
17 21 572 572
17 22 573 573
17 23 574 574
17 24 575 575
17 25 576 576
17 26 577 577
17 27 578 578
17 28 579 579
17 29 580 580
17 30 581 581
17 31 582 582
17 32 583 583
17 33 584 584
17 34 585 585
17 35 586 586
17 36 587 587
17 37 588 588
17 38 589 589
17 39 590 590
17 40 591 591
17 41 592 592
17 42 593 593
17 43 594 594
17 44 595 595
18 19 596 596
18 20 597 597
18 21 598 598
18 22 599 599
18 23 600 600
18 24 601 601
18 25 602 602
18 26 603 603
18 27 604 604
18 28 605 605
18 29 606 606
18 30 607 607
18 31 608 608
18 32 609 609
18 33 610 610
18 34 611 611
18 35 612 612
18 36 613 613
18 37 614 614
18 38 615 615
18 39 616 616
18 40 617 617
18 41 618 618
18 42 619 619
18 43 620 620
18 44 621 621
19 20 622 622
19 21 623 623
19 22 624 624
19 23 625 625
19 24 626 626
19 25 627 627
19 26 628 628
19 27 629 629
19 28 630 630
19 29 631 631
19 30 632 632
19 31 633 633
19 32 634 634
19 33 635 635
19 34 636 636
19 35 637 637
19 36 638 638
19 37 639 639
19 38 640 640
19 39 641 641
19 40 642 642
19 41 643 643
19 42 644 644
19 43 645 645
19 44 646 646
20 21 647 647
20 22 648 648
20 23 649 649
20 24 650 650
20 25 651 651
20 26 652 652
20 27 653 653
20 28 654 654
20 29 655 655
20 30 656 656
20 31 657 657
20 32 658 658
20 33 659 659
20 34 660 660
20 35 661 661
20 36 662 662
20 37 663 663
20 38 664 664
20 39 665 665
20 40 666 666
20 41 667 667
20 42 668 668
20 43 669 669
20 44 670 670
21 22 671 671
21 23 672 672
21 24 673 673
21 25 674 674
21 26 675 675
21 27 676 676
21 28 677 677
21 29 678 678
21 30 679 679
21 31 680 680
21 32 681 681
21 33 682 682
21 34 683 683
21 35 684 684
21 36 685 685
21 37 686 686
21 38 687 687
21 39 688 688
21 40 689 689
21 41 690 690
21 42 691 691
21 43 692 692
21 44 693 693
22 23 694 694
22 24 695 695
22 25 696 696
22 26 697 697
22 27 698 698
22 28 699 699
22 29 700 700
22 30 701 701
22 31 702 702
22 32 703 703
22 33 704 704
22 34 705 705
22 35 706 706
22 36 707 707
22 37 708 708
22 38 709 709
22 39 710 710
22 40 711 711
22 41 712 712
22 42 713 713
22 43 714 714
22 44 715 715
23 24 716 716
23 25 717 717
23 26 718 718
23 27 719 719
23 28 720 720
23 29 721 721
23 30 722 722
23 31 723 723
23 32 724 724
23 33 725 725
23 34 726 726
23 35 727 727
23 36 728 728
23 37 729 729
23 38 730 730
23 39 731 731
23 40 732 732
23 41 733 733
23 42 734 734
23 43 735 735
23 44 736 736
24 25 737 737
24 26 738 738
24 27 739 739
24 28 740 740
24 29 741 741
24 30 742 742
24 31 743 743
24 32 744 744
24 33 745 745
24 34 746 746
24 35 747 747
24 36 748 748
24 37 749 749
24 38 750 750
24 39 751 751
24 40 752 752
24 41 753 753
24 42 754 754
24 43 755 755
24 44 756 756
25 26 757 757
25 27 758 758
25 28 759 759
25 29 760 760
25 30 761 761
25 31 762 762
25 32 763 763
25 33 764 764
25 34 765 765
25 35 766 766
25 36 767 767
25 37 768 768
25 38 769 769
25 39 770 770
25 40 771 771
25 41 772 772
25 42 773 773
25 43 774 774
25 44 775 775
26 27 776 776
26 28 777 777
26 29 778 778
26 30 779 779
26 31 780 780
26 32 781 781
26 33 782 782
26 34 783 783
26 35 784 784
26 36 785 785
26 37 786 786
26 38 787 787
26 39 788 788
26 40 789 789
26 41 790 790
26 42 791 791
26 43 792 792
26 44 793 793
27 28 794 794
27 29 795 795
27 30 796 796
27 31 797 797
27 32 798 798
27 33 799 799
27 34 800 800
27 35 801 801
27 36 802 802
27 37 803 803
27 38 804 804
27 39 805 805
27 40 806 806
27 41 807 807
27 42 808 808
27 43 809 809
27 44 810 810
28 29 811 811
28 30 812 812
28 31 813 813
28 32 814 814
28 33 815 815
28 34 816 816
28 35 817 817
28 36 818 818
28 37 819 819
28 38 820 820
28 39 821 821
28 40 822 822
28 41 823 823
28 42 824 824
28 43 825 825
28 44 826 826
29 30 827 827
29 31 828 828
29 32 829 829
29 33 830 830
29 34 831 831
29 35 832 832
29 36 833 833
29 37 834 834
29 38 835 835
29 39 836 836
29 40 837 837
29 41 838 838
29 42 839 839
29 43 840 840
29 44 841 841
30 31 842 842
30 32 843 843
30 33 844 844
30 34 845 845
30 35 846 846
30 36 847 847
30 37 848 848
30 38 849 849
30 39 850 850
30 40 851 851
30 41 852 852
30 42 853 853
30 43 854 854
30 44 855 855
31 32 856 856
31 33 857 857
31 34 858 858
31 35 859 859
31 36 860 860
31 37 861 861
31 38 862 862
31 39 863 863
31 40 864 864
31 41 865 865
31 42 866 866
31 43 867 867
31 44 868 868
32 33 869 869
32 34 870 870
32 35 871 871
32 36 872 872
32 37 873 873
32 38 874 874
32 39 875 875
32 40 876 876
32 41 877 877
32 42 878 878
32 43 879 879
32 44 880 880
33 34 881 881
33 35 882 882
33 36 883 883
33 37 884 884
33 38 885 885
33 39 886 886
33 40 887 887
33 41 888 888
33 42 889 889
33 43 890 890
33 44 891 891
34 35 892 892
34 36 893 893
34 37 894 894
34 38 895 895
34 39 896 896
34 40 897 897
34 41 898 898
34 42 899 899
34 43 900 900
34 44 901 901
35 36 902 902
35 37 903 903
35 38 904 904
35 39 905 905
35 40 906 906
35 41 907 907
35 42 908 908
35 43 909 909
35 44 910 910
36 37 911 911
36 38 912 912
36 39 913 913
36 40 914 914
36 41 915 915
36 42 916 916
36 43 917 917
36 44 918 918
37 38 919 919
37 39 920 920
37 40 921 921
37 41 922 922
37 42 923 923
37 43 924 924
37 44 925 925
38 39 926 926
38 40 927 927
38 41 928 928
38 42 929 929
38 43 930 930
38 44 931 931
39 40 932 932
39 41 933 933
39 42 934 934
39 43 935 935
39 44 936 936
40 41 937 937
40 42 938 938
40 43 939 939
40 44 940 940
41 42 941 941
41 43 942 942
41 44 943 943
42 43 944 944
42 44 945 945
43 44 946 946
