1 2 1 1
1 3 2 2
1 4 3 3
1 5 4 4
1 6 5 5
1 7 6 6
1 8 7 7
1 9 8 8
1 10 9 9
1 11 10 10
1 12 11 11
1 13 12 12
1 14 13 13
1 15 14 14
1 16 15 15
1 17 16 16
1 18 17 17
1 19 18 18
1 20 19 19
1 21 20 20
1 22 21 21
1 23 22 22
1 24 23 23
1 25 24 24
1 26 25 25
1 27 26 26
2 3 27 27
2 4 28 28
2 5 29 29
2 6 30 30
2 7 31 31
2 8 32 32
2 9 33 33
2 10 34 34
2 11 35 35
2 12 36 36
2 13 37 37
2 14 38 38
2 15 39 39
2 16 40 40
2 17 41 41
2 18 42 42
2 19 43 43
2 20 44 44
2 21 45 45
2 22 46 46
2 23 47 47
2 24 48 48
2 25 49 49
2 26 50 50
2 27 51 51
3 4 52 52
3 5 53 53
3 6 54 54
3 7 55 55
3 8 56 56
3 9 57 57
3 10 58 58
3 11 59 59
3 12 60 60
3 13 61 61
3 14 62 62
3 15 63 63
3 16 64 64
3 17 65 65
3 18 66 66
3 19 67 67
3 20 68 68
3 21 69 69
3 22 70 70
3 23 71 71
3 24 72 72
3 25 73 73
3 26 74 74
3 27 75 75
4 5 76 76
4 6 77 77
4 7 78 78
4 8 79 79
4 9 80 80
4 10 81 81
4 11 82 82
4 12 83 83
4 13 84 84
4 14 85 85
4 15 86 86
4 16 87 87
4 17 88 88
4 18 89 89
4 19 90 90
4 20 91 91
4 21 92 92
4 22 93 93
4 23 94 94
4 24 95 95
4 25 96 96
4 26 97 97
4 27 98 98
5 6 99 99
5 7 100 100
5 8 101 101
5 9 102 102
5 10 103 103
5 11 104 104
5 12 105 105
5 13 106 106
5 14 107 107
5 15 108 108
5 16 109 109
5 17 110 110
5 18 111 111
5 19 112 112
5 20 113 113
5 21 114 114
5 22 115 115
5 23 116 116
5 24 117 117
5 25 118 118
5 26 119 119
5 27 120 120
6 7 121 121
6 8 122 122
6 9 123 123
6 10 124 124
6 11 125 125
6 12 126 126
6 13 127 127
6 14 128 128
6 15 129 129
6 16 130 130
6 17 131 131
6 18 132 132
6 19 133 133
6 20 134 134
6 21 135 135
6 22 136 136
6 23 137 137
6 24 138 138
6 25 139 139
6 26 140 140
6 27 141 141
7 8 142 142
7 9 143 143
7 10 144 144
7 11 145 145
7 12 146 146
7 13 147 147
7 14 148 148
7 15 149 149
7 16 150 150
7 17 151 151
7 18 152 152
7 19 153 153
7 20 154 154
7 21 155 155
7 22 156 156
7 23 157 157
7 24 158 158
7 25 159 159
7 26 160 160
7 27 161 161
8 9 162 162
8 10 163 163
8 11 164 164
8 12 165 165
8 13 166 166
8 14 167 167
8 15 168 168
8 16 169 169
8 17 170 170
8 18 171 171
8 19 172 172
8 20 173 173
8 21 174 174
8 22 175 175
8 23 176 176
8 24 177 177
8 25 178 178
8 26 179 179
8 27 180 180
9 10 181 181
9 11 182 182
9 12 183 183
9 13 184 184
9 14 185 185
9 15 186 186
9 16 187 187
9 17 188 188
9 18 189 189
9 19 190 190
9 20 191 191
9 21 192 192
9 22 193 193
9 23 194 194
9 24 195 195
9 25 196 196
9 26 197 197
9 27 198 198
10 11 199 199
10 12 200 200
10 13 201 201
10 14 202 202
10 15 203 203
10 16 204 204
10 17 205 205
10 18 206 206
10 19 207 207
10 20 208 208
10 21 209 209
10 22 210 210
10 23 211 211
10 24 212 212
10 25 213 213
10 26 214 214
10 27 215 215
11 12 216 216
11 13 217 217
11 14 218 218
11 15 219 219
11 16 220 220
11 17 221 221
11 18 222 222
11 19 223 223
11 20 224 224
11 21 225 225
11 22 226 226
11 23 227 227
11 24 228 228
11 25 229 229
11 26 230 230
11 27 231 231
12 13 232 232
12 14 233 233
12 15 234 234
12 16 235 235
12 17 236 236
12 18 237 237
12 19 238 238
12 20 239 239
12 21 240 240
12 22 241 241
12 23 242 242
12 24 243 243
12 25 244 244
12 26 245 245
12 27 246 246
13 14 247 247
13 15 248 248
13 16 249 249
13 17 250 250
13 18 251 251
13 19 252 252
13 20 253 253
13 21 254 254
13 22 255 255
13 23 256 256
13 24 257 257
13 25 258 258
13 26 259 259
13 27 260 260
14 15 261 261
14 16 262 262
14 17 263 263
14 18 264 264
14 19 265 265
14 20 266 266
14 21 267 267
14 22 268 268
14 23 269 269
14 24 270 270
14 25 271 271
14 26 272 272
14 27 273 273
15 16 274 274
15 17 275 275
15 18 276 276
15 19 277 277
15 20 278 278
15 21 279 279
15 22 280 280
15 23 281 281
15 24 282 282
15 25 283 283
15 26 284 284
15 27 285 285
16 17 286 286
16 18 287 287
16 19 288 288
16 20 289 289
16 21 290 290
16 22 291 291
16 23 292 292
16 24 293 293
16 25 294 294
16 26 295 295
16 27 296 296
17 18 297 297
17 19 298 298
17 20 299 299
17 21 300 300
17 22 301 301
17 23 302 302
17 24 303 303
17 25 304 304
17 26 305 305
17 27 306 306
18 19 307 307
18 20 308 308
18 21 309 309
18 22 310 310
18 23 311 311
18 24 312 312
18 25 313 313
18 26 314 314
18 27 315 315
19 20 316 316
19 21 317 317
19 22 318 318
19 23 319 319
19 24 320 320
19 25 321 321
19 26 322 322
19 27 323 323
20 21 324 324
20 22 325 325
20 23 326 326
20 24 327 327
20 25 328 328
20 26 329 329
20 27 330 330
21 22 331 331
21 23 332 332
21 24 333 333
21 25 334 334
21 26 335 335
21 27 336 336
22 23 337 337
22 24 338 338
22 25 339 339
22 26 340 340
22 27 341 341
23 24 342 342
23 25 343 343
23 26 344 344
23 27 345 345
24 25 346 346
24 26 347 347
24 27 348 348
25 26 349 349
25 27 350 350
26 27 351 351
