1 2 1 1
1 3 2 2
1 4 3 3
1 5 4 4
1 6 5 5
1 7 6 6
1 8 7 7
1 9 8 8
1 10 9 9
1 11 10 10
1 12 11 11
1 13 12 12
1 14 13 13
1 15 14 14
1 16 15 15
1 17 16 16
1 18 17 17
1 19 18 18
1 20 19 19
1 21 20 20
1 22 21 21
1 23 22 22
1 24 23 23
1 25 24 24
1 26 25 25
1 27 26 26
1 28 27 27
1 29 28 28
1 30 29 29
1 31 30 30
2 3 31 31
2 4 32 32
2 5 33 33
2 6 34 34
2 7 35 35
2 8 36 36
2 9 37 37
2 10 38 38
2 11 39 39
2 12 40 40
2 13 41 41
2 14 42 42
2 15 43 43
2 16 44 44
2 17 45 45
2 18 46 46
2 19 47 47
2 20 48 48
2 21 49 49
2 22 50 50
2 23 51 51
2 24 52 52
2 25 53 53
2 26 54 54
2 27 55 55
2 28 56 56
2 29 57 57
2 30 58 58
2 31 59 59
3 4 60 60
3 5 61 61
3 6 62 62
3 7 63 63
3 8 64 64
3 9 65 65
3 10 66 66
3 11 67 67
3 12 68 68
3 13 69 69
3 14 70 70
3 15 71 71
3 16 72 72
3 17 73 73
3 18 74 74
3 19 75 75
3 20 76 76
3 21 77 77
3 22 78 78
3 23 79 79
3 24 80 80
3 25 81 81
3 26 82 82
3 27 83 83
3 28 84 84
3 29 85 85
3 30 86 86
3 31 87 87
4 5 88 88
4 6 89 89
4 7 90 90
4 8 91 91
4 9 92 92
4 10 93 93
4 11 94 94
4 12 95 95
4 13 96 96
4 14 97 97
4 15 98 98
4 16 99 99
4 17 100 100
4 18 101 101
4 19 102 102
4 20 103 103
4 21 104 104
4 22 105 105
4 23 106 106
4 24 107 107
4 25 108 108
4 26 109 109
4 27 110 110
4 28 111 111
4 29 112 112
4 30 113 113
4 31 114 114
5 6 115 115
5 7 116 116
5 8 117 117
5 9 118 118
5 10 119 119
5 11 120 120
5 12 121 121
5 13 122 122
5 14 123 123
5 15 124 124
5 16 125 125
5 17 126 126
5 18 127 127
5 19 128 128
5 20 129 129
5 21 130 130
5 22 131 131
5 23 132 132
5 24 133 133
5 25 134 134
5 26 135 135
5 27 136 136
5 28 137 137
5 29 138 138
5 30 139 139
5 31 140 140
6 7 141 141
6 8 142 142
6 9 143 143
6 10 144 144
6 11 145 145
6 12 146 146
6 13 147 147
6 14 148 148
6 15 149 149
6 16 150 150
6 17 151 151
6 18 152 152
6 19 153 153
6 20 154 154
6 21 155 155
6 22 156 156
6 23 157 157
6 24 158 158
6 25 159 159
6 26 160 160
6 27 161 161
6 28 162 162
6 29 163 163
6 30 164 164
6 31 165 165
7 8 166 166
7 9 167 167
7 10 168 168
7 11 169 169
7 12 170 170
7 13 171 171
7 14 172 172
7 15 173 173
7 16 174 174
7 17 175 175
7 18 176 176
7 19 177 177
7 20 178 178
7 21 179 179
7 22 180 180
7 23 181 181
7 24 182 182
7 25 183 183
7 26 184 184
7 27 185 185
7 28 186 186
7 29 187 187
7 30 188 188
7 31 189 189
8 9 190 190
8 10 191 191
8 11 192 192
8 12 193 193
8 13 194 194
8 14 195 195
8 15 196 196
8 16 197 197
8 17 198 198
8 18 199 199
8 19 200 200
8 20 201 201
8 21 202 202
8 22 203 203
8 23 204 204
8 24 205 205
8 25 206 206
8 26 207 207
8 27 208 208
8 28 209 209
8 29 210 210
8 30 211 211
8 31 212 212
9 10 213 213
9 11 214 214
9 12 215 215
9 13 216 216
9 14 217 217
9 15 218 218
9 16 219 219
9 17 220 220
9 18 221 221
9 19 222 222
9 20 223 223
9 21 224 224
9 22 225 225
9 23 226 226
9 24 227 227
9 25 228 228
9 26 229 229
9 27 230 230
9 28 231 231
9 29 232 232
9 30 233 233
9 31 234 234
10 11 235 235
10 12 236 236
10 13 237 237
10 14 238 238
10 15 239 239
10 16 240 240
10 17 241 241
10 18 242 242
10 19 243 243
10 20 244 244
10 21 245 245
10 22 246 246
10 23 247 247
10 24 248 248
10 25 249 249
10 26 250 250
10 27 251 251
10 28 252 252
10 29 253 253
10 30 254 254
10 31 255 255
11 12 256 256
11 13 257 257
11 14 258 258
11 15 259 259
11 16 260 260
11 17 261 261
11 18 262 262
11 19 263 263
11 20 264 264
11 21 265 265
11 22 266 266
11 23 267 267
11 24 268 268
11 25 269 269
11 26 270 270
11 27 271 271
11 28 272 272
11 29 273 273
11 30 274 274
11 31 275 275
12 13 276 276
12 14 277 277
12 15 278 278
12 16 279 279
12 17 280 280
12 18 281 281
12 19 282 282
12 20 283 283
12 21 284 284
12 22 285 285
12 23 286 286
12 24 287 287
12 25 288 288
12 26 289 289
12 27 290 290
12 28 291 291
12 29 292 292
12 30 293 293
12 31 294 294
13 14 295 295
13 15 296 296
13 16 297 297
13 17 298 298
13 18 299 299
13 19 300 300
13 20 301 301
13 21 302 302
13 22 303 303
13 23 304 304
13 24 305 305
13 25 306 306
13 26 307 307
13 27 308 308
13 28 309 309
13 29 310 310
13 30 311 311
13 31 312 312
14 15 313 313
14 16 314 314
14 17 315 315
14 18 316 316
14 19 317 317
14 20 318 318
14 21 319 319
14 22 320 320
14 23 321 321
14 24 322 322
14 25 323 323
14 26 324 324
14 27 325 325
14 28 326 326
14 29 327 327
14 30 328 328
14 31 329 329
15 16 330 330
15 17 331 331
15 18 332 332
15 19 333 333
15 20 334 334
15 21 335 335
15 22 336 336
15 23 337 337
15 24 338 338
15 25 339 339
15 26 340 340
15 27 341 341
15 28 342 342
15 29 343 343
15 30 344 344
15 31 345 345
16 17 346 346
16 18 347 347
16 19 348 348
16 20 349 349
16 21 350 350
16 22 351 351
16 23 352 352
16 24 353 353
16 25 354 354
16 26 355 355
16 27 356 356
16 28 357 357
16 29 358 358
16 30 359 359
16 31 360 360
17 18 361 361
17 19 362 362
17 20 363 363
17 21 364 364
17 22 365 365
17 23 366 366
17 24 367 367
17 25 368 368
17 26 369 369
17 27 370 370
17 28 371 371
17 29 372 372
17 30 373 373
17 31 374 374
18 19 375 375
18 20 376 376
18 21 377 377
18 22 378 378
18 23 379 379
18 24 380 380
18 25 381 381
18 26 382 382
18 27 383 383
18 28 384 384
18 29 385 385
18 30 386 386
18 31 387 387
19 20 388 388
19 21 389 389
19 22 390 390
19 23 391 391
19 24 392 392
19 25 393 393
19 26 394 394
19 27 395 395
19 28 396 396
19 29 397 397
19 30 398 398
19 31 399 399
20 21 400 400
20 22 401 401
20 23 402 402
20 24 403 403
20 25 404 404
20 26 405 405
20 27 406 406
20 28 407 407
20 29 408 408
20 30 409 409
20 31 410 410
21 22 411 411
21 23 412 412
21 24 413 413
21 25 414 414
21 26 415 415
21 27 416 416
21 28 417 417
21 29 418 418
21 30 419 419
21 31 420 420
22 23 421 421
22 24 422 422
22 25 423 423
22 26 424 424
22 27 425 425
22 28 426 426
22 29 427 427
22 30 428 428
22 31 429 429
23 24 430 430
23 25 431 431
23 26 432 432
23 27 433 433
23 28 434 434
23 29 435 435
23 30 436 436
23 31 437 437
24 25 438 438
24 26 439 439
24 27 440 440
24 28 441 441
24 29 442 442
24 30 443 443
24 31 444 444
25 26 445 445
25 27 446 446
25 28 447 447
25 29 448 448
25 30 449 449
25 31 450 450
26 27 451 451
26 28 452 452
26 29 453 453
26 30 454 454
26 31 455 455
27 28 456 456
27 29 457 457
27 30 458 458
27 31 459 459
28 29 460 460
28 30 461 461
28 31 462 462
29 30 463 463
29 31 464 464
30 31 465 465
