1 2 1 1
1 3 2 2
1 4 3 3
1 5 4 4
1 6 5 5
1 7 6 6
1 8 7 7
1 9 8 8
1 10 9 9
1 11 10 10
1 12 11 11
1 13 12 12
1 14 13 13
1 15 14 14
1 16 15 15
1 17 16 16
1 18 17 17
1 19 18 18
1 20 19 19
1 21 20 20
1 22 21 21
1 23 22 22
1 24 23 23
1 25 24 24
1 26 25 25
1 27 26 26
1 28 27 27
1 29 28 28
1 30 29 29
1 31 30 30
1 32 31 31
1 33 32 32
1 34 33 33
1 35 34 34
1 36 35 35
1 37 36 36
1 38 37 37
2 3 38 38
2 4 39 39
2 5 40 40
2 6 41 41
2 7 42 42
2 8 43 43
2 9 44 44
2 10 45 45
2 11 46 46
2 12 47 47
2 13 48 48
2 14 49 49
2 15 50 50
2 16 51 51
2 17 52 52
2 18 53 53
2 19 54 54
2 20 55 55
2 21 56 56
2 22 57 57
2 23 58 58
2 24 59 59
2 25 60 60
2 26 61 61
2 27 62 62
2 28 63 63
2 29 64 64
2 30 65 65
2 31 66 66
2 32 67 67
2 33 68 68
2 34 69 69
2 35 70 70
2 36 71 71
2 37 72 72
2 38 73 73
3 4 74 74
3 5 75 75
3 6 76 76
3 7 77 77
3 8 78 78
3 9 79 79
3 10 80 80
3 11 81 81
3 12 82 82
3 13 83 83
3 14 84 84
3 15 85 85
3 16 86 86
3 17 87 87
3 18 88 88
3 19 89 89
3 20 90 90
3 21 91 91
3 22 92 92
3 23 93 93
3 24 94 94
3 25 95 95
3 26 96 96
3 27 97 97
3 28 98 98
3 29 99 99
3 30 100 100
3 31 101 101
3 32 102 102
3 33 103 103
3 34 104 104
3 35 105 105
3 36 106 106
3 37 107 107
3 38 108 108
4 5 109 109
4 6 110 110
4 7 111 111
4 8 112 112
4 9 113 113
4 10 114 114
4 11 115 115
4 12 116 116
4 13 117 117
4 14 118 118
4 15 119 119
4 16 120 120
4 17 121 121
4 18 122 122
4 19 123 123
4 20 124 124
4 21 125 125
4 22 126 126
4 23 127 127
4 24 128 128
4 25 129 129
4 26 130 130
4 27 131 131
4 28 132 132
4 29 133 133
4 30 134 134
4 31 135 135
4 32 136 136
4 33 137 137
4 34 138 138
4 35 139 139
4 36 140 140
4 37 141 141
4 38 142 142
5 6 143 143
5 7 144 144
5 8 145 145
5 9 146 146
5 10 147 147
5 11 148 148
5 12 149 149
5 13 150 150
5 14 151 151
5 15 152 152
5 16 153 153
5 17 154 154
5 18 155 155
5 19 156 156
5 20 157 157
5 21 158 158
5 22 159 159
5 23 160 160
5 24 161 161
5 25 162 162
5 26 163 163
5 27 164 164
5 28 165 165
5 29 166 166
5 30 167 167
5 31 168 168
5 32 169 169
5 33 170 170
5 34 171 171
5 35 172 172
5 36 173 173
5 37 174 174
5 38 175 175
6 7 176 176
6 8 177 177
6 9 178 178
6 10 179 179
6 11 180 180
6 12 181 181
6 13 182 182
6 14 183 183
6 15 184 184
6 16 185 185
6 17 186 186
6 18 187 187
6 19 188 188
6 20 189 189
6 21 190 190
6 22 191 191
6 23 192 192
6 24 193 193
6 25 194 194
6 26 195 195
6 27 196 196
6 28 197 197
6 29 198 198
6 30 199 199
6 31 200 200
6 32 201 201
6 33 202 202
6 34 203 203
6 35 204 204
6 36 205 205
6 37 206 206
6 38 207 207
7 8 208 208
7 9 209 209
7 10 210 210
7 11 211 211
7 12 212 212
7 13 213 213
7 14 214 214
7 15 215 215
7 16 216 216
7 17 217 217
7 18 218 218
7 19 219 219
7 20 220 220
7 21 221 221
7 22 222 222
7 23 223 223
7 24 224 224
7 25 225 225
7 26 226 226
7 27 227 227
7 28 228 228
7 29 229 229
7 30 230 230
7 31 231 231
7 32 232 232
7 33 233 233
7 34 234 234
7 35 235 235
7 36 236 236
7 37 237 237
7 38 238 238
8 9 239 239
8 10 240 240
8 11 241 241
8 12 242 242
8 13 243 243
8 14 244 244
8 15 245 245
8 16 246 246
8 17 247 247
8 18 248 248
8 19 249 249
8 20 250 250
8 21 251 251
8 22 252 252
8 23 253 253
8 24 254 254
8 25 255 255
8 26 256 256
8 27 257 257
8 28 258 258
8 29 259 259
8 30 260 260
8 31 261 261
8 32 262 262
8 33 263 263
8 34 264 264
8 35 265 265
8 36 266 266
8 37 267 267
8 38 268 268
9 10 269 269
9 11 270 270
9 12 271 271
9 13 272 272
9 14 273 273
9 15 274 274
9 16 275 275
9 17 276 276
9 18 277 277
9 19 278 278
9 20 279 279
9 21 280 280
9 22 281 281
9 23 282 282
9 24 283 283
9 25 284 284
9 26 285 285
9 27 286 286
9 28 287 287
9 29 288 288
9 30 289 289
9 31 290 290
9 32 291 291
9 33 292 292
9 34 293 293
9 35 294 294
9 36 295 295
9 37 296 296
9 38 297 297
10 11 298 298
10 12 299 299
10 13 300 300
10 14 301 301
10 15 302 302
10 16 303 303
10 17 304 304
10 18 305 305
10 19 306 306
10 20 307 307
10 21 308 308
10 22 309 309
10 23 310 310
10 24 311 311
10 25 312 312
10 26 313 313
10 27 314 314
10 28 315 315
10 29 316 316
10 30 317 317
10 31 318 318
10 32 319 319
10 33 320 320
10 34 321 321
10 35 322 322
10 36 323 323
10 37 324 324
10 38 325 325
11 12 326 326
11 13 327 327
11 14 328 328
11 15 329 329
11 16 330 330
11 17 331 331
11 18 332 332
11 19 333 333
11 20 334 334
11 21 335 335
11 22 336 336
11 23 337 337
11 24 338 338
11 25 339 339
11 26 340 340
11 27 341 341
11 28 342 342
11 29 343 343
11 30 344 344
11 31 345 345
11 32 346 346
11 33 347 347
11 34 348 348
11 35 349 349
11 36 350 350
11 37 351 351
11 38 352 352
12 13 353 353
12 14 354 354
12 15 355 355
12 16 356 356
12 17 357 357
12 18 358 358
12 19 359 359
12 20 360 360
12 21 361 361
12 22 362 362
12 23 363 363
12 24 364 364
12 25 365 365
12 26 366 366
12 27 367 367
12 28 368 368
12 29 369 369
12 30 370 370
12 31 371 371
12 32 372 372
12 33 373 373
12 34 374 374
12 35 375 375
12 36 376 376
12 37 377 377
12 38 378 378
13 14 379 379
13 15 380 380
13 16 381 381
13 17 382 382
13 18 383 383
13 19 384 384
13 20 385 385
13 21 386 386
13 22 387 387
13 23 388 388
13 24 389 389
13 25 390 390
13 26 391 391
13 27 392 392
13 28 393 393
13 29 394 394
13 30 395 395
13 31 396 396
13 32 397 397
13 33 398 398
13 34 399 399
13 35 400 400
13 36 401 401
13 37 402 402
13 38 403 403
14 15 404 404
14 16 405 405
14 17 406 406
14 18 407 407
14 19 408 408
14 20 409 409
14 21 410 410
14 22 411 411
14 23 412 412
14 24 413 413
14 25 414 414
14 26 415 415
14 27 416 416
14 28 417 417
14 29 418 418
14 30 419 419
14 31 420 420
14 32 421 421
14 33 422 422
14 34 423 423
14 35 424 424
14 36 425 425
14 37 426 426
14 38 427 427
15 16 428 428
15 17 429 429
15 18 430 430
15 19 431 431
15 20 432 432
15 21 433 433
15 22 434 434
15 23 435 435
15 24 436 436
15 25 437 437
15 26 438 438
15 27 439 439
15 28 440 440
15 29 441 441
15 30 442 442
15 31 443 443
15 32 444 444
15 33 445 445
15 34 446 446
15 35 447 447
15 36 448 448
15 37 449 449
15 38 450 450
16 17 451 451
16 18 452 452
16 19 453 453
16 20 454 454
16 21 455 455
16 22 456 456
16 23 457 457
16 24 458 458
16 25 459 459
16 26 460 460
16 27 461 461
16 28 462 462
16 29 463 463
16 30 464 464
16 31 465 465
16 32 466 466
16 33 467 467
16 34 468 468
16 35 469 469
16 36 470 470
16 37 471 471
16 38 472 472
17 18 473 473
17 19 474 474
17 20 475 475
17 21 476 476
17 22 477 477
17 23 478 478
17 24 479 479
17 25 480 480
17 26 481 481
17 27 482 482
17 28 483 483
17 29 484 484
17 30 485 485
17 31 486 486
17 32 487 487
17 33 488 488
17 34 489 489
17 35 490 490
17 36 491 491
17 37 492 492
17 38 493 493
18 19 494 494
18 20 495 495
18 21 496 496
18 22 497 497
18 23 498 498
18 24 499 499
18 25 500 500
18 26 501 501
18 27 502 502
18 28 503 503
18 29 504 504
18 30 505 505
18 31 506 506
18 32 507 507
18 33 508 508
18 34 509 509
18 35 510 510
18 36 511 511
18 37 512 512
18 38 513 513
19 20 514 514
19 21 515 515
19 22 516 516
19 23 517 517
19 24 518 518
19 25 519 519
19 26 520 520
19 27 521 521
19 28 522 522
19 29 523 523
19 30 524 524
19 31 525 525
19 32 526 526
19 33 527 527
19 34 528 528
19 35 529 529
19 36 530 530
19 37 531 531
19 38 532 532
20 21 533 533
20 22 534 534
20 23 535 535
20 24 536 536
20 25 537 537
20 26 538 538
20 27 539 539
20 28 540 540
20 29 541 541
20 30 542 542
20 31 543 543
20 32 544 544
20 33 545 545
20 34 546 546
20 35 547 547
20 36 548 548
20 37 549 549
20 38 550 550
21 22 551 551
21 23 552 552
21 24 553 553
21 25 554 554
21 26 555 555
21 27 556 556
21 28 557 557
21 29 558 558
21 30 559 559
21 31 560 560
21 32 561 561
21 33 562 562
21 34 563 563
21 35 564 564
21 36 565 565
21 37 566 566
21 38 567 567
22 23 568 568
22 24 569 569
22 25 570 570
22 26 571 571
22 27 572 572
22 28 573 573
22 29 574 574
22 30 575 575
22 31 576 576
22 32 577 577
22 33 578 578
22 34 579 579
22 35 580 580
22 36 581 581
22 37 582 582
22 38 583 583
23 24 584 584
23 25 585 585
23 26 586 586
23 27 587 587
23 28 588 588
23 29 589 589
23 30 590 590
23 31 591 591
23 32 592 592
23 33 593 593
23 34 594 594
23 35 595 595
23 36 596 596
23 37 597 597
23 38 598 598
24 25 599 599
24 26 600 600
24 27 601 601
24 28 602 602
24 29 603 603
24 30 604 604
24 31 605 605
24 32 606 606
24 33 607 607
24 34 608 608
24 35 609 609
24 36 610 610
24 37 611 611
24 38 612 612
25 26 613 613
25 27 614 614
25 28 615 615
25 29 616 616
25 30 617 617
25 31 618 618
25 32 619 619
25 33 620 620
25 34 621 621
25 35 622 622
25 36 623 623
25 37 624 624
25 38 625 625
26 27 626 626
26 28 627 627
26 29 628 628
26 30 629 629
26 31 630 630
26 32 631 631
26 33 632 632
26 34 633 633
26 35 634 634
26 36 635 635
26 37 636 636
26 38 637 637
27 28 638 638
27 29 639 639
27 30 640 640
27 31 641 641
27 32 642 642
27 33 643 643
27 34 644 644
27 35 645 645
27 36 646 646
27 37 647 647
27 38 648 648
28 29 649 649
28 30 650 650
28 31 651 651
28 32 652 652
28 33 653 653
28 34 654 654
28 35 655 655
28 36 656 656
28 37 657 657
28 38 658 658
29 30 659 659
29 31 660 660
29 32 661 661
29 33 662 662
29 34 663 663
29 35 664 664
29 36 665 665
29 37 666 666
29 38 667 667
30 31 668 668
30 32 669 669
30 33 670 670
30 34 671 671
30 35 672 672
30 36 673 673
30 37 674 674
30 38 675 675
31 32 676 676
31 33 677 677
31 34 678 678
31 35 679 679
31 36 680 680
31 37 681 681
31 38 682 682
32 33 683 683
32 34 684 684
32 35 685 685
32 36 686 686
32 37 687 687
32 38 688 688
33 34 689 689
33 35 690 690
33 36 691 691
33 37 692 692
33 38 693 693
34 35 694 694
34 36 695 695
34 37 696 696
34 38 697 697
35 36 698 698
35 37 699 699
35 38 700 700
36 37 701 701
36 38 702 702
37 38 703 703
