1 2 1 1
1 3 2 2
1 4 3 3
1 5 4 4
1 6 5 5
1 7 6 6
1 8 7 7
1 9 8 8
1 10 9 9
1 11 10 10
1 12 11 11
1 13 12 12
2 3 13 13
2 4 14 14
2 5 15 15
2 6 16 16
2 7 17 17
2 8 18 18
2 9 19 19
2 10 20 20
2 11 21 21
2 12 22 22
2 13 23 23
3 4 24 24
3 5 25 25
3 6 26 26
3 7 27 27
3 8 28 28
3 9 29 29
3 10 30 30
3 11 31 31
3 12 32 32
3 13 33 33
4 5 34 34
4 6 35 35
4 7 36 36
4 8 37 37
4 9 38 38
4 10 39 39
4 11 40 40
4 12 41 41
4 13 42 42
5 6 43 43
5 7 44 44
5 8 45 45
5 9 46 46
5 10 47 47
5 11 48 48
5 12 49 49
5 13 50 50
6 7 51 51
6 8 52 52
6 9 53 53
6 10 54 54
6 11 55 55
6 12 56 56
6 13 57 57
7 8 58 58
7 9 59 59
7 10 60 60
7 11 61 61
7 12 62 62
7 13 63 63
8 9 64 64
8 10 65 65
8 11 66 66
8 12 67 67
8 13 68 68
9 10 69 69
9 11 70 70
9 12 71 71
9 13 72 72
10 11 73 73
10 12 74 74
10 13 75 75
11 12 76 76
11 13 77 77
12 13 78 78
