1 2 1 1
1 3 2 2
1 4 3 3
1 5 4 4
1 6 5 5
1 7 6 6
1 8 7 7
1 9 8 8
1 10 9 9
1 11 10 10
1 12 11 11
1 13 12 12
1 14 13 13
1 15 14 14
1 16 15 15
1 17 16 16
1 18 17 17
1 19 18 18
1 20 19 19
1 21 20 20
1 22 21 21
1 23 22 22
1 24 23 23
1 25 24 24
1 26 25 25
1 27 26 26
1 28 27 27
1 29 28 28
1 30 29 29
1 31 30 30
1 32 31 31
1 33 32 32
1 34 33 33
1 35 34 34
1 36 35 35
1 37 36 36
2 3 37 37
2 4 38 38
2 5 39 39
2 6 40 40
2 7 41 41
2 8 42 42
2 9 43 43
2 10 44 44
2 11 45 45
2 12 46 46
2 13 47 47
2 14 48 48
2 15 49 49
2 16 50 50
2 17 51 51
2 18 52 52
2 19 53 53
2 20 54 54
2 21 55 55
2 22 56 56
2 23 57 57
2 24 58 58
2 25 59 59
2 26 60 60
2 27 61 61
2 28 62 62
2 29 63 63
2 30 64 64
2 31 65 65
2 32 66 66
2 33 67 67
2 34 68 68
2 35 69 69
2 36 70 70
2 37 71 71
3 4 72 72
3 5 73 73
3 6 74 74
3 7 75 75
3 8 76 76
3 9 77 77
3 10 78 78
3 11 79 79
3 12 80 80
3 13 81 81
3 14 82 82
3 15 83 83
3 16 84 84
3 17 85 85
3 18 86 86
3 19 87 87
3 20 88 88
3 21 89 89
3 22 90 90
3 23 91 91
3 24 92 92
3 25 93 93
3 26 94 94
3 27 95 95
3 28 96 96
3 29 97 97
3 30 98 98
3 31 99 99
3 32 100 100
3 33 101 101
3 34 102 102
3 35 103 103
3 36 104 104
3 37 105 105
4 5 106 106
4 6 107 107
4 7 108 108
4 8 109 109
4 9 110 110
4 10 111 111
4 11 112 112
4 12 113 113
4 13 114 114
4 14 115 115
4 15 116 116
4 16 117 117
4 17 118 118
4 18 119 119
4 19 120 120
4 20 121 121
4 21 122 122
4 22 123 123
4 23 124 124
4 24 125 125
4 25 126 126
4 26 127 127
4 27 128 128
4 28 129 129
4 29 130 130
4 30 131 131
4 31 132 132
4 32 133 133
4 33 134 134
4 34 135 135
4 35 136 136
4 36 137 137
4 37 138 138
5 6 139 139
5 7 140 140
5 8 141 141
5 9 142 142
5 10 143 143
5 11 144 144
5 12 145 145
5 13 146 146
5 14 147 147
5 15 148 148
5 16 149 149
5 17 150 150
5 18 151 151
5 19 152 152
5 20 153 153
5 21 154 154
5 22 155 155
5 23 156 156
5 24 157 157
5 25 158 158
5 26 159 159
5 27 160 160
5 28 161 161
5 29 162 162
5 30 163 163
5 31 164 164
5 32 165 165
5 33 166 166
5 34 167 167
5 35 168 168
5 36 169 169
5 37 170 170
6 7 171 171
6 8 172 172
6 9 173 173
6 10 174 174
6 11 175 175
6 12 176 176
6 13 177 177
6 14 178 178
6 15 179 179
6 16 180 180
6 17 181 181
6 18 182 182
6 19 183 183
6 20 184 184
6 21 185 185
6 22 186 186
6 23 187 187
6 24 188 188
6 25 189 189
6 26 190 190
6 27 191 191
6 28 192 192
6 29 193 193
6 30 194 194
6 31 195 195
6 32 196 196
6 33 197 197
6 34 198 198
6 35 199 199
6 36 200 200
6 37 201 201
7 8 202 202
7 9 203 203
7 10 204 204
7 11 205 205
7 12 206 206
7 13 207 207
7 14 208 208
7 15 209 209
7 16 210 210
7 17 211 211
7 18 212 212
7 19 213 213
7 20 214 214
7 21 215 215
7 22 216 216
7 23 217 217
7 24 218 218
7 25 219 219
7 26 220 220
7 27 221 221
7 28 222 222
7 29 223 223
7 30 224 224
7 31 225 225
7 32 226 226
7 33 227 227
7 34 228 228
7 35 229 229
7 36 230 230
7 37 231 231
8 9 232 232
8 10 233 233
8 11 234 234
8 12 235 235
8 13 236 236
8 14 237 237
8 15 238 238
8 16 239 239
8 17 240 240
8 18 241 241
8 19 242 242
8 20 243 243
8 21 244 244
8 22 245 245
8 23 246 246
8 24 247 247
8 25 248 248
8 26 249 249
8 27 250 250
8 28 251 251
8 29 252 252
8 30 253 253
8 31 254 254
8 32 255 255
8 33 256 256
8 34 257 257
8 35 258 258
8 36 259 259
8 37 260 260
9 10 261 261
9 11 262 262
9 12 263 263
9 13 264 264
9 14 265 265
9 15 266 266
9 16 267 267
9 17 268 268
9 18 269 269
9 19 270 270
9 20 271 271
9 21 272 272
9 22 273 273
9 23 274 274
9 24 275 275
9 25 276 276
9 26 277 277
9 27 278 278
9 28 279 279
9 29 280 280
9 30 281 281
9 31 282 282
9 32 283 283
9 33 284 284
9 34 285 285
9 35 286 286
9 36 287 287
9 37 288 288
10 11 289 289
10 12 290 290
10 13 291 291
10 14 292 292
10 15 293 293
10 16 294 294
10 17 295 295
10 18 296 296
10 19 297 297
10 20 298 298
10 21 299 299
10 22 300 300
10 23 301 301
10 24 302 302
10 25 303 303
10 26 304 304
10 27 305 305
10 28 306 306
10 29 307 307
10 30 308 308
10 31 309 309
10 32 310 310
10 33 311 311
10 34 312 312
10 35 313 313
10 36 314 314
10 37 315 315
11 12 316 316
11 13 317 317
11 14 318 318
11 15 319 319
11 16 320 320
11 17 321 321
11 18 322 322
11 19 323 323
11 20 324 324
11 21 325 325
11 22 326 326
11 23 327 327
11 24 328 328
11 25 329 329
11 26 330 330
11 27 331 331
11 28 332 332
11 29 333 333
11 30 334 334
11 31 335 335
11 32 336 336
11 33 337 337
11 34 338 338
11 35 339 339
11 36 340 340
11 37 341 341
12 13 342 342
12 14 343 343
12 15 344 344
12 16 345 345
12 17 346 346
12 18 347 347
12 19 348 348
12 20 349 349
12 21 350 350
12 22 351 351
12 23 352 352
12 24 353 353
12 25 354 354
12 26 355 355
12 27 356 356
12 28 357 357
12 29 358 358
12 30 359 359
12 31 360 360
12 32 361 361
12 33 362 362
12 34 363 363
12 35 364 364
12 36 365 365
12 37 366 366
13 14 367 367
13 15 368 368
13 16 369 369
13 17 370 370
13 18 371 371
13 19 372 372
13 20 373 373
13 21 374 374
13 22 375 375
13 23 376 376
13 24 377 377
13 25 378 378
13 26 379 379
13 27 380 380
13 28 381 381
13 29 382 382
13 30 383 383
13 31 384 384
13 32 385 385
13 33 386 386
13 34 387 387
13 35 388 388
13 36 389 389
13 37 390 390
14 15 391 391
14 16 392 392
14 17 393 393
14 18 394 394
14 19 395 395
14 20 396 396
14 21 397 397
14 22 398 398
14 23 399 399
14 24 400 400
14 25 401 401
14 26 402 402
14 27 403 403
14 28 404 404
14 29 405 405
14 30 406 406
14 31 407 407
14 32 408 408
14 33 409 409
14 34 410 410
14 35 411 411
14 36 412 412
14 37 413 413
15 16 414 414
15 17 415 415
15 18 416 416
15 19 417 417
15 20 418 418
15 21 419 419
15 22 420 420
15 23 421 421
15 24 422 422
15 25 423 423
15 26 424 424
15 27 425 425
15 28 426 426
15 29 427 427
15 30 428 428
15 31 429 429
15 32 430 430
15 33 431 431
15 34 432 432
15 35 433 433
15 36 434 434
15 37 435 435
16 17 436 436
16 18 437 437
16 19 438 438
16 20 439 439
16 21 440 440
16 22 441 441
16 23 442 442
16 24 443 443
16 25 444 444
16 26 445 445
16 27 446 446
16 28 447 447
16 29 448 448
16 30 449 449
16 31 450 450
16 32 451 451
16 33 452 452
16 34 453 453
16 35 454 454
16 36 455 455
16 37 456 456
17 18 457 457
17 19 458 458
17 20 459 459
17 21 460 460
17 22 461 461
17 23 462 462
17 24 463 463
17 25 464 464
17 26 465 465
17 27 466 466
17 28 467 467
17 29 468 468
17 30 469 469
17 31 470 470
17 32 471 471
17 33 472 472
17 34 473 473
17 35 474 474
17 36 475 475
17 37 476 476
18 19 477 477
18 20 478 478
18 21 479 479
18 22 480 480
18 23 481 481
18 24 482 482
18 25 483 483
18 26 484 484
18 27 485 485
18 28 486 486
18 29 487 487
18 30 488 488
18 31 489 489
18 32 490 490
18 33 491 491
18 34 492 492
18 35 493 493
18 36 494 494
18 37 495 495
19 20 496 496
19 21 497 497
19 22 498 498
19 23 499 499
19 24 500 500
19 25 501 501
19 26 502 502
19 27 503 503
19 28 504 504
19 29 505 505
19 30 506 506
19 31 507 507
19 32 508 508
19 33 509 509
19 34 510 510
19 35 511 511
19 36 512 512
19 37 513 513
20 21 514 514
20 22 515 515
20 23 516 516
20 24 517 517
20 25 518 518
20 26 519 519
20 27 520 520
20 28 521 521
20 29 522 522
20 30 523 523
20 31 524 524
20 32 525 525
20 33 526 526
20 34 527 527
20 35 528 528
20 36 529 529
20 37 530 530
21 22 531 531
21 23 532 532
21 24 533 533
21 25 534 534
21 26 535 535
21 27 536 536
21 28 537 537
21 29 538 538
21 30 539 539
21 31 540 540
21 32 541 541
21 33 542 542
21 34 543 543
21 35 544 544
21 36 545 545
21 37 546 546
22 23 547 547
22 24 548 548
22 25 549 549
22 26 550 550
22 27 551 551
22 28 552 552
22 29 553 553
22 30 554 554
22 31 555 555
22 32 556 556
22 33 557 557
22 34 558 558
22 35 559 559
22 36 560 560
22 37 561 561
23 24 562 562
23 25 563 563
23 26 564 564
23 27 565 565
23 28 566 566
23 29 567 567
23 30 568 568
23 31 569 569
23 32 570 570
23 33 571 571
23 34 572 572
23 35 573 573
23 36 574 574
23 37 575 575
24 25 576 576
24 26 577 577
24 27 578 578
24 28 579 579
24 29 580 580
24 30 581 581
24 31 582 582
24 32 583 583
24 33 584 584
24 34 585 585
24 35 586 586
24 36 587 587
24 37 588 588
25 26 589 589
25 27 590 590
25 28 591 591
25 29 592 592
25 30 593 593
25 31 594 594
25 32 595 595
25 33 596 596
25 34 597 597
25 35 598 598
25 36 599 599
25 37 600 600
26 27 601 601
26 28 602 602
26 29 603 603
26 30 604 604
26 31 605 605
26 32 606 606
26 33 607 607
26 34 608 608
26 35 609 609
26 36 610 610
26 37 611 611
27 28 612 612
27 29 613 613
27 30 614 614
27 31 615 615
27 32 616 616
27 33 617 617
27 34 618 618
27 35 619 619
27 36 620 620
27 37 621 621
28 29 622 622
28 30 623 623
28 31 624 624
28 32 625 625
28 33 626 626
28 34 627 627
28 35 628 628
28 36 629 629
28 37 630 630
29 30 631 631
29 31 632 632
29 32 633 633
29 33 634 634
29 34 635 635
29 35 636 636
29 36 637 637
29 37 638 638
30 31 639 639
30 32 640 640
30 33 641 641
30 34 642 642
30 35 643 643
30 36 644 644
30 37 645 645
31 32 646 646
31 33 647 647
31 34 648 648
31 35 649 649
31 36 650 650
31 37 651 651
32 33 652 652
32 34 653 653
32 35 654 654
32 36 655 655
32 37 656 656
33 34 657 657
33 35 658 658
33 36 659 659
33 37 660 660
34 35 661 661
34 36 662 662
34 37 663 663
35 36 664 664
35 37 665 665
36 37 666 666
