1 2 1 1
1 3 2 2
1 4 3 3
1 5 4 4
1 6 5 5
1 7 6 6
1 8 7 7
1 9 8 8
1 10 9 9
1 11 10 10
1 12 11 11
1 13 12 12
1 14 13 13
1 15 14 14
1 16 15 15
1 17 16 16
1 18 17 17
1 19 18 18
1 20 19 19
1 21 20 20
1 22 21 21
1 23 22 22
1 24 23 23
1 25 24 24
1 26 25 25
1 27 26 26
1 28 27 27
1 29 28 28
2 3 29 29
2 4 30 30
2 5 31 31
2 6 32 32
2 7 33 33
2 8 34 34
2 9 35 35
2 10 36 36
2 11 37 37
2 12 38 38
2 13 39 39
2 14 40 40
2 15 41 41
2 16 42 42
2 17 43 43
2 18 44 44
2 19 45 45
2 20 46 46
2 21 47 47
2 22 48 48
2 23 49 49
2 24 50 50
2 25 51 51
2 26 52 52
2 27 53 53
2 28 54 54
2 29 55 55
3 4 56 56
3 5 57 57
3 6 58 58
3 7 59 59
3 8 60 60
3 9 61 61
3 10 62 62
3 11 63 63
3 12 64 64
3 13 65 65
3 14 66 66
3 15 67 67
3 16 68 68
3 17 69 69
3 18 70 70
3 19 71 71
3 20 72 72
3 21 73 73
3 22 74 74
3 23 75 75
3 24 76 76
3 25 77 77
3 26 78 78
3 27 79 79
3 28 80 80
3 29 81 81
4 5 82 82
4 6 83 83
4 7 84 84
4 8 85 85
4 9 86 86
4 10 87 87
4 11 88 88
4 12 89 89
4 13 90 90
4 14 91 91
4 15 92 92
4 16 93 93
4 17 94 94
4 18 95 95
4 19 96 96
4 20 97 97
4 21 98 98
4 22 99 99
4 23 100 100
4 24 101 101
4 25 102 102
4 26 103 103
4 27 104 104
4 28 105 105
4 29 106 106
5 6 107 107
5 7 108 108
5 8 109 109
5 9 110 110
5 10 111 111
5 11 112 112
5 12 113 113
5 13 114 114
5 14 115 115
5 15 116 116
5 16 117 117
5 17 118 118
5 18 119 119
5 19 120 120
5 20 121 121
5 21 122 122
5 22 123 123
5 23 124 124
5 24 125 125
5 25 126 126
5 26 127 127
5 27 128 128
5 28 129 129
5 29 130 130
6 7 131 131
6 8 132 132
6 9 133 133
6 10 134 134
6 11 135 135
6 12 136 136
6 13 137 137
6 14 138 138
6 15 139 139
6 16 140 140
6 17 141 141
6 18 142 142
6 19 143 143
6 20 144 144
6 21 145 145
6 22 146 146
6 23 147 147
6 24 148 148
6 25 149 149
6 26 150 150
6 27 151 151
6 28 152 152
6 29 153 153
7 8 154 154
7 9 155 155
7 10 156 156
7 11 157 157
7 12 158 158
7 13 159 159
7 14 160 160
7 15 161 161
7 16 162 162
7 17 163 163
7 18 164 164
7 19 165 165
7 20 166 166
7 21 167 167
7 22 168 168
7 23 169 169
7 24 170 170
7 25 171 171
7 26 172 172
7 27 173 173
7 28 174 174
7 29 175 175
8 9 176 176
8 10 177 177
8 11 178 178
8 12 179 179
8 13 180 180
8 14 181 181
8 15 182 182
8 16 183 183
8 17 184 184
8 18 185 185
8 19 186 186
8 20 187 187
8 21 188 188
8 22 189 189
8 23 190 190
8 24 191 191
8 25 192 192
8 26 193 193
8 27 194 194
8 28 195 195
8 29 196 196
9 10 197 197
9 11 198 198
9 12 199 199
9 13 200 200
9 14 201 201
9 15 202 202
9 16 203 203
9 17 204 204
9 18 205 205
9 19 206 206
9 20 207 207
9 21 208 208
9 22 209 209
9 23 210 210
9 24 211 211
9 25 212 212
9 26 213 213
9 27 214 214
9 28 215 215
9 29 216 216
10 11 217 217
10 12 218 218
10 13 219 219
10 14 220 220
10 15 221 221
10 16 222 222
10 17 223 223
10 18 224 224
10 19 225 225
10 20 226 226
10 21 227 227
10 22 228 228
10 23 229 229
10 24 230 230
10 25 231 231
10 26 232 232
10 27 233 233
10 28 234 234
10 29 235 235
11 12 236 236
11 13 237 237
11 14 238 238
11 15 239 239
11 16 240 240
11 17 241 241
11 18 242 242
11 19 243 243
11 20 244 244
11 21 245 245
11 22 246 246
11 23 247 247
11 24 248 248
11 25 249 249
11 26 250 250
11 27 251 251
11 28 252 252
11 29 253 253
12 13 254 254
12 14 255 255
12 15 256 256
12 16 257 257
12 17 258 258
12 18 259 259
12 19 260 260
12 20 261 261
12 21 262 262
12 22 263 263
12 23 264 264
12 24 265 265
12 25 266 266
12 26 267 267
12 27 268 268
12 28 269 269
12 29 270 270
13 14 271 271
13 15 272 272
13 16 273 273
13 17 274 274
13 18 275 275
13 19 276 276
13 20 277 277
13 21 278 278
13 22 279 279
13 23 280 280
13 24 281 281
13 25 282 282
13 26 283 283
13 27 284 284
13 28 285 285
13 29 286 286
14 15 287 287
14 16 288 288
14 17 289 289
14 18 290 290
14 19 291 291
14 20 292 292
14 21 293 293
14 22 294 294
14 23 295 295
14 24 296 296
14 25 297 297
14 26 298 298
14 27 299 299
14 28 300 300
14 29 301 301
15 16 302 302
15 17 303 303
15 18 304 304
15 19 305 305
15 20 306 306
15 21 307 307
15 22 308 308
15 23 309 309
15 24 310 310
15 25 311 311
15 26 312 312
15 27 313 313
15 28 314 314
15 29 315 315
16 17 316 316
16 18 317 317
16 19 318 318
16 20 319 319
16 21 320 320
16 22 321 321
16 23 322 322
16 24 323 323
16 25 324 324
16 26 325 325
16 27 326 326
16 28 327 327
16 29 328 328
17 18 329 329
17 19 330 330
17 20 331 331
17 21 332 332
17 22 333 333
17 23 334 334
17 24 335 335
17 25 336 336
17 26 337 337
17 27 338 338
17 28 339 339
17 29 340 340
18 19 341 341
18 20 342 342
18 21 343 343
18 22 344 344
18 23 345 345
18 24 346 346
18 25 347 347
18 26 348 348
18 27 349 349
18 28 350 350
18 29 351 351
19 20 352 352
19 21 353 353
19 22 354 354
19 23 355 355
19 24 356 356
19 25 357 357
19 26 358 358
19 27 359 359
19 28 360 360
19 29 361 361
20 21 362 362
20 22 363 363
20 23 364 364
20 24 365 365
20 25 366 366
20 26 367 367
20 27 368 368
20 28 369 369
20 29 370 370
21 22 371 371
21 23 372 372
21 24 373 373
21 25 374 374
21 26 375 375
21 27 376 376
21 28 377 377
21 29 378 378
22 23 379 379
22 24 380 380
22 25 381 381
22 26 382 382
22 27 383 383
22 28 384 384
22 29 385 385
23 24 386 386
23 25 387 387
23 26 388 388
23 27 389 389
23 28 390 390
23 29 391 391
24 25 392 392
24 26 393 393
24 27 394 394
24 28 395 395
24 29 396 396
25 26 397 397
25 27 398 398
25 28 399 399
25 29 400 400
26 27 401 401
26 28 402 402
26 29 403 403
27 28 404 404
27 29 405 405
28 29 406 406
